10 45 17 10 123
1 2 1
1 3 100
1 4 100
1 5 100
1 6 100
1 7 100
1 8 100
1 9 100
1 10 100
2 3 1
2 4 100
2 5 100
2 6 100
2 7 100
2 8 100
2 9 100
2 10 100
3 4 1
3 5 100
3 6 100
3 7 100
3 8 100
3 9 100
3 10 100
4 5 1
4 6 100
4 7 100
4 8 100
4 9 100
4 10 100
5 6 1
5 7 100
5 8 100
5 9 100
5 10 100
6 7 1
6 8 100
6 9 100
6 10 100
7 8 1
7 9 100
7 10 100
8 9 1
8 10 100
9 10 1
2 0 1
1 2
2 0 1
1 3
2 0 1
2 3
2 0 1
2 4
2 0 1
3 4
2 0 1
3 5
2 0 1
4 5
2 0 1
4 6
2 0 1
5 6
2 0 1
5 7
2 0 1
6 7
2 0 1
6 8
2 0 1
7 8
2 0 1
7 9
2 0 1
8 9
2 0 1
8 10
2 0 1
9 10
