2062 5000 4992
2
1 425 39255751
2
1 2013 224131733
2
2
2
2
1 1697 420463541
2
2
1 815 45136853
1 591 195896926
1 599 76150801
1 507 169014846
2
1 1520 272796866
1 1043 484893158
2
1 1049 534886367
2
2
1 1341 3722017
1 1543 56766520
1 253 49703507
1 1191 572717047
2
2
1 270 64377393
2
2
2
2
1 1677 98441243
1 366 150976827
1 250 482046643
1 363 313414804
2
2
2
1 130 991186145
2
2
1 871 98432797
1 1273 123121039
2
1 1350 599161431
2
2
2
2
1 830 24695159
2
1 701 292784292
1 579 241280753
2
2
1 853 671619601
2
2
2
2
1 581 57132553
1 1824 255628481
1 1251 458087761
2
1 1567 195243748
1 1817 83852893
1 130 7445395
2
2
1 784 545201606
1 1701 10412061
2
1 1849 213317877
1 827 155792501
2
2
2
1 1611 199153085
1 1475 369712660
2
1 29 44749414
2
2
2
2
2
1 1067 48697096
2
2
1 2037 32120775
2
2
1 873 242423413
2
2
1 1205 630411901
2
2
1 1849 27209505
1 1445 532623930
1 1910 8990581
1 875 101215843
2
2
2
2
1 1329 449663292
1 773 360883367
1 366 23849216
1 1425 15450159
1 854 489480538
1 441 232489841
2
1 301 25169401
1 751 36815055
2
1 1455 337464113
1 238 105659427
2
2
2
1 179 419869745
2
1 1288 495026785
2
2
1 1108 690721909
1 1207 208705406
2
1 126 112047517
1 2015 185560805
1 854 22488481
2
1 1115 32200114
2
1 1607 517478773
1 1819 323280235
2
2
2
2
2
2
1 1207 385625225
1 1813 365085882
1 1711 512389071
2
2
2
1 949 438653401
2
2
1 1849 376005176
2
2
1 775 280562245
1 311 26060991
1 1847 150621212
1 1861 60954411
2
2
1 110 281056231
1 164 5186538
1 1105 688870431
2
2
1 1726 183623063
2
1 1118 166042941
1 1277 85924193
1 215 112713826
1 525 647474680
1 469 357829759
2
2
2
2
1 1837 81316011
2
1 591 123156353
2
1 211 4761121
1 837 27021001
1 885 66429431
2
2
1 224 515465681
1 755 59747906
1 918 100158637
2
1 1258 218977441
2
2
2
2
2
2
2
2
1 1876 3334566
2
1 1909 153156151
2
2
1 365 113680195
1 1082 111786753
2
2
1 1459 88549905
1 1743 729149833
2
2
2
1 279 186479254
2
1 1253 151506199
1 2006 295504145
2
1 999 151779921
1 435 257908602
1 1613 237139381
2
1 365 153186161
1 1317 50484833
1 985 15904729
1 1951 408706729
1 287 81060136
2
2
2
2
2
2
2
1 1805 417177376
2
1 1053 487597585
1 1987 570504505
2
2
2
2
1 1207 47120305
1 1489 71168221
2
2
1 259 1763847
1 806 510049558
1 807 83797197
1 939 24877242
2
2
2
2
2
1 489 815701437
1 974 44586569
2
1 1589 368698513
2
1 875 602420236
1 942 532421731
1 1820 249631764
2
1 1223 137351489
1 691 229592353
1 728 88989376
2
2
1 959 226329631
2
1 1190 298913509
2
2
1 1315 204196539
2
1 185 123410165
2
2
2
2
2
2
1 1145 136361251
1 478 74082584
1 637 369636781
2
1 1693 139524553
2
1 506 64540012
2
1 1413 331841
1 1091 583208401
1 693 758361441
1 1032 262136256
2
2
2
2
1 1389 241825029
2
1 1939 118164850
2
1 985 420939649
2
2
1 362 426623209
2
2
2
1 1173 791580245
2
2
2
2
2
1 628 279506081
1 815 25931041
2
1 306 533071905
1 1322 20710535
2
2
2
1 418 66117217
2
1 799 189779437
1 172 58665993
2
2
1 823 128369521
2
2
2
2
2
2
2
1 1587 501123887
2
2
2
2
2
2
2
2
1 690 980256445
2
1 1302 13577173
2
1 873 773824097
1 2045 265494430
1 1658 300866911
2
2
1 1922 309586441
2
2
1 856 125174762
2
1 93 20723797
1 1389 768728459
1 1563 608867524
2
2
1 2003 47880939
2
1 238 87549319
1 1083 393113849
2
2
2
1 1033 266322582
1 494 135348319
2
1 143 319457532
2
1 27 705070773
1 399 358831701
2
2
1 307 40710545
1 39 68390527
1 1275 221284467
1 715 128854894
1 987 146311541
1 841 28179838
1 161 464294959
2
1 1931 12211561
2
2
2
1 1457 19163607
2
1 1667 37523241
2
2
2
2
1 383 66652849
1 1159 472349665
2
1 1882 878215274
1 1022 275740769
2
1 1971 324824289
1 9 398920649
1 1309 91912483
2
2
1 1259 758838151
2
1 627 672213629
1 233 172719751
1 799 165474001
1 1539 672836326
1 725 258749127
2
2
1 1032 342384183
1 777 16574833
1 972 472431563
2
1 1710 13072447
2
1 1311 15291809
2
1 1368 186660976
1 636 47989629
2
2
2
2
1 1773 857654719
1 703 88197121
2
1 1490 35228353
1 1520 3375937
1 1851 242394461
1 1494 228402231
1 245 163429033
2
2
1 1298 336707825
2
2
2
1 869 266100264
1 1399 635104069
1 92 24412
2
1 1357 262492975
1 2042 89406721
1 881 547412527
1 172 717328469
1 1249 12908171
2
2
1 1260 603492545
2
2
2
1 1863 133418055
2
1 290 827557095
2
1 249 267276301
1 1937 40159036
2
2
1 1581 354395917
1 1637 243966103
1 1737 794488801
1 437 154833901
1 326 235873661
1 886 159161395
2
1 1585 11443701
1 805 8735986
2
2
2
1 1427 287769116
1 499 434862945
2
1 409 256976719
1 1875 42499
1 221 254280433
2
1 1083 266422935
1 1946 501456931
1 1427 621211441
2
2
1 1704 158480337
1 767 20216601
1 811 373160488
1 872 250236141
1 847 170133745
2
1 1859 147293857
2
2
1 1652 116344366
1 237 209982097
1 365 420699009
1 1427 1663201
1 894 138906721
1 895 227715001
1 1538 330713681
2
2
1 1439 8717633
1 441 359536321
2
2
2
1 951 63887617
2
2
2
2
2
1 1437 265403399
2
1 1413 674768123
2
2
2
1 1835 249440114
2
2
1 851 466884779
1 487 189866121
1 221 176318260
1 813 434527192
1 1012 672498905
1 1953 363139169
1 640 342562442
2
1 1221 438808319
2
2
1 518 373893873
1 13 157966876
1 2051 309481023
2
2
1 1623 36006958
1 1865 79299874
1 1457 539965497
2
2
1 2055 46263834
2
2
2
1 977 49726706
2
2
1 1595 586722345
2
2
2
1 1489 859702729
1 1707 579262529
1 1895 434075923
1 565 26018011
2
2
1 453 897098131
1 2054 61238566
2
1 105 430808951
1 1123 26661328
1 1969 49358849
2
1 15 285589697
2
2
2
2
2
2
2
1 573 95469841
1 979 26391541
2
1 1889 53361355
1 1435 559772832
1 708 242280481
2
1 1767 154105921
2
1 291 418229305
1 925 466924257
2
2
1 443 4306777
1 1511 4289189
2
2
2
1 1437 183958153
1 955 564213193
2
1 1492 498280277
1 1124 11296685
1 1815 527991010
1 2004 93135113
2
2
2
1 1113 499336965
2
2
1 883 20567107
1 781 314634501
2
1 963 110422624
2
1 1122 627325911
2
1 667 1268087
2
1 386 32138074
1 1604 104475863
2
1 911 7456285
2
2
2
2
2
1 1441 72619051
1 2042 557564801
1 411 74711891
1 1965 39707669
2
1 1555 520737621
2
1 237 307996492
1 1463 34423297
2
2
1 312 226162237
2
1 898 71195037
2
2
1 1967 483224321
2
1 1291 10953776
1 659 235495357
2
1 749 191090581
2
2
1 1733 599607003
2
2
2
2
2
1 1073 95385733
2
1 1457 27204634
1 685 702275857
2
2
2
1 793 38796559
1 393 701236642
2
2
1 806 318776091
2
1 609 12184019
2
2
2
2
1 1737 455202439
2
2
2
2
2
2
2
2
2
2
2
2
2
2
1 365 389340516
2
2
1 63 467185651
1 1538 467991811
2
1 1787 851050433
2
1 787 14770283
2
1 1158 135042025
2
2
2
1 1981 598670403
1 1255 75390361
1 659 350515861
1 307 817063897
1 772 435658123
2
2
1 387 377023807
1 901 441654649
2
2
2
2
1 1569 348091439
1 1701 500954492
1 1369 277557461
1 1197 44312449
1 1025 53802671
1 1294 48968855
1 463 488276621
2
2
2
1 1065 378902761
1 1079 407981523
1 709 70536601
2
2
2
2
2
1 279 121123433
2
1 951 259636378
2
1 163 293490670
1 1161 562398721
2
1 351 1672924
2
1 259 86221279
1 1944 129658322
1 17 676474
2
2
2
2
2
2
1 2054 445025176
1 1125 24716968
1 22 327702996
1 795 459483356
2
1 1157 64929349
1 289 42830831
1 583 102304751
1 1782 722536751
2
2
1 1928 521905833
1 273 429506689
2
2
2
1 1761 185823691
2
2
1 131 257219056
1 621 112644558
1 993 543574981
1 148 56907161
2
2
2
1 1877 957593601
2
2
1 731 151704579
2
1 1518 387270213
1 707 104263762
1 541 159546496
1 1596 363915361
2
1 621 197183745
2
1 57 442355347
2
2
1 618 313482901
1 1773 83289789
1 1068 39358279
1 1681 332190388
1 1923 801093613
1 224 125233249
2
1 1174 328397
1 161 145930933
1 1403 404460973
2
2
2
2
1 279 9250749
1 865 373505
2
1 741 427277473
2
1 281 369818110
1 220 826676437
2
2
2
2
2
1 1515 279800173
1 365 762581151
1 625 185523101
2
2
1 1153 173254708
1 617 45176747
1 1737 525471181
1 1747 97367725
1 575 633519655
2
1 2061 150475697
2
1 285 114018241
1 1857 230554501
1 381 376436494
1 1109 335824369
2
2
2
2
2
1 281 19437831
1 1341 162876221
1 149 492728356
1 1281 189590698
1 1479 17204398
2
1 1709 215755541
2
2
1 539 312085489
2
1 1246 799658355
1 1186 150616153
2
2
2
2
2
1 204 12147241
1 617 330175173
1 1833 22468494
1 1693 147995875
2
2
1 2017 510658003
2
2
1 1233 484667287
1 991 757322599
2
1 523 798871971
1 799 417393
1 619 156712117
1 542 84159670
1 327 215634537
2
1 1601 21591799
2
1 1257 249082583
2
1 1849 157403305
2
2
1 655 18303689
2
1 135 563795361
1 950 342865957
1 839 782432386
1 1513 242796258
2
2
1 1444 107880029
1 792 29143306
1 909 160601347
2
2
2
1 1180 424275643
1 271 50871121
2
1 661 216777601
1 1302 6258307
1 1667 601153906
1 1028 268895981
1 1465 285122657
2
1 995 19721857
1 1275 5981599
2
1 671 281317585
1 239 17644353
1 1168 456807597
2
2
1 471 4731521
1 449 244522531
2
2
1 1851 369635197
1 565 76351765
2
2
1 700 786045
1 103 47761921
2
2
2
2
1 1471 163804964
1 1959 225077953
2
2
2
2
1 1248 22872955
1 831 233066326
1 1256 473102419
1 1355 241317604
1 1824 819036
2
2
1 1039 1585301
1 827 159741793
1 485 936885335
2
2
1 1345 36266239
2
2
2
1 53 381664387
1 659 317715751
1 2056 150627406
2
2
1 589 168948513
1 2021 3182425
2
2
2
2
1 335 274999891
1 219 29886761
2
2
1 959 64752741
2
1 1583 49089873
2
1 740 1720606
2
2
1 1443 72001720
2
1 1649 144663353
2
2
1 1641 498677445
1 1975 600937975
1 352 323903629
1 213 18579025
1 567 592461736
2
2
2
2
1 513 568884188
1 1723 101174372
2
2
2
2
1 323 388846289
1 967 613480617
2
1 1632 836559041
2
1 2003 664132186
1 475 213751
1 1401 230322757
2
1 757 45569776
2
1 459 291871
1 1140 134392321
2
1 1471 94679824
2
2
2
2
2
1 411 10923481
2
1 2031 23066836
1 911 398933776
1 2040 153088153
2
2
2
2
1 1263 365724673
1 1759 36793545
1 567 245194235
2
2
1 1270 6077835
2
2
2
1 1 416240513
2
1 59 125166133
2
1 685 375573901
2
2
1 389 433829509
2
1 1752 291439093
2
1 2046 118862429
2
2
2
2
1 138 41604641
2
1 673 183882105
1 531 134043011
1 436 102408749
2
1 1965 97371073
1 93 42642671
2
2
1 266 234154753
2
2
2
1 1456 76268457
2
1 222 41554017
1 847 240910075
2
1 1649 368894417
1 373 186862535
2
1 1175 620510101
2
2
1 1081 24540769
1 61 416146486
1 1899 24590626
2
2
2
2
2
1 1489 481211893
2
2
1 262 238167628
1 1737 466904296
1 1526 190301007
2
1 489 157819773
1 736 152017381
1 299 451321441
1 1719 262327039
2
2
2
1 1019 148561675
2
1 879 372910375
1 1521 841056532
1 673 383263565
2
1 391 99470341
2
2
2
2
1 687 328878397
2
2
1 826 287433046
1 1129 278217135
1 1121 34870501
1 487 814507549
1 903 18570241
2
1 595 214692925
1 1984 133190746
2
1 1779 88966893
1 1011 484045878
1 2011 44522113
2
2
1 739 607372201
1 1652 222791101
2
2
1 1052 150793681
2
1 1771 49659002
2
1 60 341331655
1 290 26951641
2
2
2
2
1 2055 50646547
2
1 979 190034625
1 78 107830473
1 374 48873073
1 574 35039686
2
2
2
1 206 334638477
1 81 126783967
2
2
1 581 40509305
2
1 1369 249648481
1 745 186676686
2
2
2
2
1 777 167298691
1 2027 12610459
2
2
1 1335 258829312
2
2
2
2
2
1 1794 309372545
2
2
2
1 319 140433660
1 445 426855931
1 513 266753431
2
2
2
1 171 241526181
2
2
1 611 72184876
2
2
2
2
1 893 209461483
2
1 989 751896310
1 1805 249220495
1 1821 111553421
1 409 191502609
1 1639 340433380
1 767 3487661
1 1037 329309761
2
1 142 233793929
2
1 1030 47443321
1 1973 588989498
2
1 1749 41977573
2
1 17 752214412
1 722 142237785
1 261 3168239
1 847 965645222
1 907 339888574
1 772 174322875
1 1075 128162323
1 761 173756353
2
1 1255 64313081
2
1 1971 42305554
1 1708 66003299
1 229 14356841
1 1165 222360715
1 1025 35066101
2
1 880 465898451
1 1513 592763961
2
2
2
2
2
1 1909 20962453
1 1859 33733750
1 1487 80427068
2
2
2
1 399 561689325
1 243 42277981
2
2
1 1237 147088613
1 711 766424326
2
1 897 798372241
2
2
1 11 657234877
2
1 2026 430766932
1 1993 294796774
1 1381 537212473
2
1 1815 33154129
1 169 289765201
2
2
2
2
2
1 1693 62012537
1 1928 220360102
1 1635 381227797
2
2
2
2
1 1809 120100229
2
1 580 42178291
2
2
1 1616 353413399
2
2
1 1095 184969675
2
2
1 1854 96881841
1 1743 55228251
1 1099 15661581
1 333 59498525
2
2
2
2
1 1811 575800634
1 1621 786793066
1 462 335692675
2
2
2
1 978 62718979
2
2
2
1 601 30898675
1 875 564081436
2
2
2
2
1 159 161319121
2
1 2061 616542473
1 1479 519863077
1 459 211064653
2
1 264 17662789
2
1 415 158770471
1 785 762564007
2
1 701 194653217
2
2
1 1388 144864513
1 1019 166202765
1 407 345186381
1 1466 117624123
1 1837 406465849
1 2037 180063939
1 1107 12791089
2
2
1 1235 685205249
2
1 444 662586480
2
2
2
1 331 188922889
2
2
1 737 23640362
2
2
2
2
1 507 91229716
2
1 1283 36634401
2
2
1 695 26372386
1 884 27316705
1 730 9346147
1 2007 328104869
1 1364 525800089
1 714 100927411
2
1 1087 569925825
2
1 1453 449291397
1 853 478599497
1 992 311181873
2
1 1761 26685871
1 1617 637908125
2
2
1 1724 254155777
1 655 39549961
2
2
2
1 544 387571699
1 819 290818557
2
1 1636 175847853
1 1982 832502096
2
2
2
1 169 35163451
2
1 974 366581073
1 1847 60568582
1 1507 34156825
1 1561 270644102
1 1491 87659216
2
1 725 665944441
2
1 1028 6142807
2
1 1819 7010494
2
2
2
2
2
2
1 391 382429854
2
2
2
1 649 272354281
1 2011 130762105
1 133 338736357
1 599 23098279
2
1 1291 285219388
2
1 213 729565589
1 1445 187765409
2
2
1 1231 333158151
2
2
1 681 240116332
2
2
1 647 39307451
1 469 75392722
1 333 733125368
2
2
1 1605 226131226
1 1956 638302775
2
2
2
1 413 260126257
2
2
2
2
1 103 359392841
2
1 691 839700772
2
2
2
2
1 539 55581511
1 1604 521126649
2
2
2
2
2
1 92 135418153
2
1 679 68177593
1 1001 288052794
2
2
2
1 497 164360281
1 1313 166231253
1 103 464762235
2
1 991 799709116
1 907 15467248
2
2
2
2
2
1 545 231920761
1 957 323496769
1 1236 888664755
1 15 322060381
1 1807 110587681
2
2
2
2
1 1624 342133913
1 505 112272441
2
2
1 307 59695838
1 811 68620069
1 1502 39005863
1 1069 88527271
2
1 1695 121167141
2
2
2
1 574 113759756
1 1611 125154223
2
1 1708 595618153
2
1 854 3431341
2
2
2
1 1073 56230681
2
2
1 1730 363537501
2
2
1 827 84693293
2
2
2
2
1 202 304360615
2
1 637 114535180
1 265 528037261
2
2
1 190 580596391
1 1103 346151933
2
2
2
2
2
2
2
1 1073 116104634
2
2
1 1545 478736337
2
2
1 602 31718519
2
1 517 294794501
2
1 1177 4692731
1 1119 706486901
1 391 553788033
2
2
1 1041 504373789
2
1 960 26687889
1 103 161997104
2
2
2
1 453 704529709
1 910 177032080
2
2
2
1 1619 55784409
2
2
2
2
2
1 657 17011765
1 1483 722995382
2
2
1 285 324671041
1 1158 473228499
1 1355 277585561
2
2
2
1 1635 442881641
2
1 1808 139139735
1 755 35560666
2
1 1375 266949736
1 1268 535701081
2
1 2060 21876198
2
1 1772 748687668
1 1024 103599541
1 1545 34045107
2
1 1696 853455931
2
1 1891 65867649
2
2
1 1741 78313415
1 1579 237584404
2
2
2
1 306 86828077
2
2
1 1497 341269501
2
1 417 12484369
1 71 350031421
1 557 124509358
1 41 420343927
1 487 106046986
1 1851 121399279
2
2
1 219 290916673
1 555 428637185
2
2
2
2
1 841 932909971
2
1 153 528659110
1 1194 35501245
2
2
2
2
1 41 169080410
1 1315 13624909
1 875 223602993
2
2
2
2
1 2027 264196577
2
1 1991 271722496
1 545 237036373
1 691 945991
1 1281 488685639
2
1 1207 210864859
1 1398 975354821
2
2
2
2
2
2
2
1 785 479560096
1 33 538508037
2
2
1 546 191511636
2
1 1577 156613101
1 163 475147833
2
2
1 1771 33413745
1 1699 185570456
2
2
1 1443 372226735
1 409 98306897
2
2
2
1 1373 381395001
2
2
2
1 1437 277818421
1 901 412972016
1 1076 579066185
2
2
1 721 16762721
1 1117 481298147
2
1 543 653266285
1 101 10138932
2
1 893 707889280
1 724 39677661
2
1 776 210818511
2
1 691 155618761
1 153 6650099
1 615 9326486
1 189 76263994
2
2
1 680 111222977
2
2
2
1 1983 64213969
1 669 175193654
2
1 1649 11475190
1 523 5408769
2
1 1529 802513057
2
2
1 257 53164133
2
1 1635 437676491
2
2
2
2
1 27 945192813
2
1 1334 304128311
2
1 1705 75606521
1 202 68360449
1 923 253201785
2
2
1 1069 8648641
2
1 1907 73737181
1 955 39829877
2
2
1 965 70910056
1 471 128187510
2
1 563 78222311
2
2
2
1 448 771065833
1 163 16449337
2
1 1032 237091513
2
2
2
2
2
1 686 184285270
1 1107 130174747
1 757 24351187
2
1 57 371383741
2
1 1519 651117937
2
1 208 183745161
2
2
1 727 101065821
1 1959 194522191
1 1804 86226656
1 1360 245790867
1 1946 10953251
2
1 1103 149223809
1 389 199274485
2
2
2
1 71 370962309
2
2
1 1723 480125374
1 1363 90084973
1 1423 237376105
2
1 1621 293642242
1 1275 8023016
2
2
1 427 584569056
1 369 204285889
2
2
2
2
1 2044 139772503
2
2
1 1422 712491535
2
2
1 1111 180226113
2
2
2
2
1 493 123173456
1 210 598374297
1 1725 30505141
2
2
2
1 349 97779929
1 1027 177491517
1 1531 165155047
2
1 1581 13101791
1 686 20511478
2
2
1 1815 289850881
1 1846 66773005
1 595 775369801
1 1411 439275390
2
1 1241 257898023
2
2
1 260 1
2
2
1 428 593067718
1 1425 597766001
2
1 1219 191049784
2
1 705 53179469
1 1277 88410700
2
2
1 1397 689243517
2
2
1 1168 285345397
2
1 1939 695016
2
2
2
2
1 1348 81496171
2
1 154 649538737
1 595 396709441
2
1 245 171858351
2
1 1773 43635403
1 41 599643163
1 1209 441131497
1 341 71086640
2
2
1 1934 141294178
2
1 1157 128200021
2
1 1727 287335817
1 656 939440197
1 123 275642921
2
1 818 174450145
2
2
1 1383 430203179
2
2
1 84 686588665
2
2
1 649 202777501
2
1 1099 323874321
2
2
2
1 123 107560633
1 1466 640533367
1 1759 258180259
1 753 193123153
2
1 1921 357652801
1 689 415591723
1 197 299639451
2
2
1 1363 169280216
1 1513 336383059
1 213 576690936
1 417 131457708
1 34 164550776
1 1861 62280137
1 1565 350346679
2
2
1 1095 207842097
1 1603 95132049
1 1753 299316161
2
1 283 1244727
2
1 588 680331697
2
2
1 989 7520621
1 1106 96812917
1 1591 19558336
2
1 1271 190856169
1 1735 98564701
2
2
2
1 1224 148089041
1 769 586873117
1 1875 55266355
2
2
1 1664 704827949
2
2
1 1177 268177990
1 1817 63960761
1 79 165891601
1 1229 82065929
1 979 549986093
2
2
2
2
1 1059 371396741
2
2
1 212 128789521
1 1989 521967873
2
2
1 2027 294505655
2
2
2
1 883 300277189
2
1 1733 348518863
1 563 10332847
1 1523 264257013
2
2
2
1 1053 386099561
1 706 79554034
1 1019 112114245
1 1499 554903221
2
2
2
2
1 461 363663129
2
2
2
2
2
2
1 109 56915841
2
2
2
1 1089 177326769
1 808 441490996
2
1 950 599400333
2
2
1 389 55784833
2
1 542 261383671
2
1 1097 818065
1 1351 479692127
1 249 326913214
2
2
1 1573 83908490
1 1809 536730975
2
1 1249 37067506
2
2
1 885 965403211
2
2
1 1393 48015311
2
2
1 1961 37419925
1 616 268778246
1 1911 403584301
2
1 1265 80052529
1 2038 80735335
1 1111 21332434
1 1217 197931427
2
1 559 1156953
2
1 1179 37428700
2
2
2
1 876 161125795
1 815 76542701
1 1203 328829645
2
2
1 25 302543986
1 1149 322141576
1 335 9634631
2
1 1378 48417601
1 1051 368794610
1 351 435549481
1 1019 380550220
1 656 430605223
2
2
2
1 949 679274491
2
1 86 122202441
2
2
2
2
2
1 2025 384584565
2
2
2
1 1981 50158501
1 1452 54460321
1 1115 318053045
2
1 1003 255378293
2
1 1134 454765816
1 1793 147249049
2
2
2
2
1 2049 104295751
2
1 887 5657857
2
1 504 7349646
1 923 259888669
1 1301 206640265
1 2035 682590961
1 1828 29372101
2
1 1159 170863551
1 1674 36357337
2
2
2
1 687 356166874
1 155 457589845
2
1 1223 96075071
2
1 733 103617607
1 729 614323081
2
2
2
1 459 187095796
1 1561 486576041
1 170 112987509
2
2
1 261 676240251
2
2
2
2
2
2
2
2
2
2
2
2
1 67 682621054
2
1 1627 28027921
1 639 217299531
2
2
2
2
1 1632 415954645
2
1 145 783129777
1 603 552996384
1 305 374703121
2
1 1721 262243521
2
1 479 836226400
1 151 731527615
2
1 1895 127337796
2
1 527 265072340
2
1 411 784495625
1 1845 94696393
2
2
2
2
1 1145 52511746
1 1322 404348616
1 1193 22907622
1 1592 172555553
1 930 21767481
2
1 404 180386902
2
2
2
2
2
2
2
2
2
1 869 167335831
1 769 226015593
1 195 320512873
1 882 391693043
2
2
1 145 208278001
1 1951 107366701
1 1697 211000609
2
1 877 248857669
2
1 1899 248850870
2
2
1 1219 51923881
2
2
1 1521 160097945
1 323 460850149
2
1 1848 93557356
1 361 164365687
1 493 8189352
2
2
2
1 994 543560137
2
1 1185 111340549
2
2
2
2
2
2
1 1220 186609501
1 757 32049045
2
1 1174 12364682
2
2
1 271 181951831
1 1288 90992861
1 1669 18460213
2
2
2
1 1550 310966271
2
1 1957 411666421
1 880 24374107
1 429 377452336
2
1 81 664577201
1 1443 129199987
1 867 75297040
2
2
2
2
2
2
1 1077 30405461
2
2
1 65 179510575
2
2
1 971 453434451
1 960 179273773
1 483 42827179
1 698 680402053
2
1 1447 70784881
1 1420 142882264
2
2
1 153 362115997
1 553 71757129
1 2015 13509965
2
1 1127 31805397
2
1 139 34753357
1 1793 417348295
1 447 7707155
1 1187 511373409
1 1917 364965376
2
2
1 1915 27653653
1 1787 670246221
2
2
1 1630 51808261
2
2
2
2
2
2
1 337 4104397
2
1 2005 302418751
1 721 67065301
1 1861 103565919
2
1 1911 5203159
2
2
1 711 45828541
1 1383 20376121
2
2
2
1 459 644907574
1 2059 509987593
1 229 229172065
2
2
2
1 1529 290452023
2
2
2
1 1823 191702065
1 1899 102232845
1 1164 553249789
2
1 384 49594585
2
2
1 1823 262099594
2
2
1 563 91149334
1 1435 615546
2
1 307 113630976
1 33 52270669
1 299 9383326
1 879 135939061
1 1971 354294241
2
1 405 286983
1 1380 75317837
1 2011 339948073
1 173 285620275
1 62 257952454
1 437 177335038
2
2
1 1473 9279021
2
2
2
2
1 1226 165803905
1 117 232806529
1 1277 131413274
2
1 665 23146965
1 871 142146181
1 1657 81173401
1 250 11480729
1 629 258982991
1 1197 52458108
1 1321 35613683
1 1971 488267402
1 925 251918489
1 807 482920571
1 1085 841552741
1 1546 10672087
2
1 369 460851778
1 1101 35180287
2
1 673 295818891
2
2
2
1 1255 159433609
2
1 443 282407937
2
1 352 358440671
2
2
1 1085 7228717
2
1 646 630709865
2
1 1751 23649025
2
2
2
1 1273 201645205
1 1323 221198419
2
1 1995 12322977
1 383 412978557
2
2
2
1 1677 83970001
2
1 517 408230131
1 83 373834675
1 1167 115596453
1 1716 44925267
1 1548 128167131
1 2006 742936407
2
1 1719 707514489
1 989 125112681
2
1 514 84150533
2
2
1 409 289269187
2
2
1 1960 42483
2
1 577 516171241
1 1716 323757521
2
2
2
1 1191 41893993
1 431 154236941
1 1812 580865974
2
1 938 613561643
2
2
1 1176 249931345
1 1852 207672301
1 1891 632254345
2
2
1 813 449905342
1 887 79845953
1 1759 134912458
2
1 537 483764590
1 1011 509137003
1 883 440762617
2
1 1551 268251985
2
1 38 164717737
1 385 81281587
2
1 772 770560991
1 628 192188593
2
1 87 571873381
2
1 413 111501721
2
1 2043 45713188
1 335 259991281
2
2
1 421 378252691
1 60 116811247
1 1523 769019266
1 1297 97533073
2
2
1 391 29410681
2
2
2
2
1 177 50287412
1 1741 196983284
1 377 591066327
2
2
1 554 274959871
1 1261 363666486
2
2
1 557 368073553
1 1605 67939782
2
2
1 231 21074301
1 530 151605425
2
1 1125 514983288
1 1511 461516
1 1475 296449126
1 733 58535479
1 1175 902647057
1 1481 5614300
2
1 760 100579101
2
2
1 1967 147253081
1 1731 36232716
1 1097 25915735
2
1 41 52580451
2
1 715 20092942
2
1 105 187130521
1 98 31786873
2
2
1 814 350433217
2
2
2
1 1305 399689906
2
2
1 2031 113868796
1 1151 22746016
2
1 422 446014955
1 664 342776368
2
1 789 68650551
1 705 33661441
1 1116 296641521
2
2
2
2
1 731 253093441
2
2
2
1 854 6033344
2
2
1 25 223036939
2
2
2
1 1541 374339681
2
2
1 1073 101282617
1 1611 69584581
2
1 541 81901145
2
1 1480 6035625
1 1761 393083694
2
1 621 312629201
2
2
2
2
2
1 883 110535783
2
1 1337 376012801
1 574 85307041
2
2
2
1 381 93136753
2
1 287 40299226
1 90 637156209
1 1312 211845793
1 1425 643538782
2
1 1597 56443542
2
1 81 4194722
1 1137 9799728
2
2
2
1 2006 534672120
1 743 11098927
1 1693 795517149
1 1303 66516589
1 1729 502650713
1 520 145411933
1 1223 16445563
2
2
2
1 1069 43915213
1 171 181755841
1 1654 86739940
2
2
2
1 1982 89852218
2
1 1283 690407197
1 1943 356924429
2
1 663 851507541
2
1 187 528105145
1 1164 8392662
1 1917 130194142
1 943 34875561
1 1377 72045961
2
1 1567 183327849
1 179 160752409
2
1 953 38540361
1 763 299721879
1 1 136715951
2
1 291 114267317
2
2
1 1007 32501701
2
1 503 84224725
1 326 138467025
2
1 1221 128461801
1 383 106093601
2
2
2
1 1535 320453451
1 546 41252721
1 1384 317767745
1 305 105161117
1 659 93409249
2
2
2
2
2
2
2
2
2
2
1 254 357698285
2
2
1 1207 409196761
1 67 183649233
2
1 1837 460505798
1 1813 774798701
2
1 1429 569900152
2
1 396 301955300
2
2
2
2
2
2
1 922 597709057
1 875 122857493
1 223 122313601
1 1215 156407526
1 2037 104428063
1 466 9969485
1 1869 88373049
1 1385 734442796
2
2
1 1523 777822457
1 1 522852233
2
2
2
1 699 357091126
1 1877 24527504
1 1873 55804900
2
2
2
2
1 940 95275995
2
2
1 391 461944721
1 1837 122012673
2
1 1891 192040421
1 1173 33545026
2
2
1 1894 496027681
1 33 593783365
1 39 595620241
1 682 431059330
2
1 111 110292005
1 953 899729601
2
2
2
1 103 463375567
2
2
2
2
1 799 248242305
2
1 1323 407395405
1 916 667986424
1 513 37095409
1 501 10564646
2
2
1 128 76428339
2
1 1779 54751819
1 1096 84033721
2
1 533 301675921
1 170 103176921
1 1295 674308312
1 1834 915114601
1 1007 26027969
1 312 690214956
2
1 949 42335641
2
2
2
1 1836 715381126
2
2
1 1735 199331419
2
1 1727 84184492
2
1 1573 196073525
2
1 435 172253181
2
1 1484 61227729
2
1 539 33161351
1 1111 94612215
1 1887 372117136
2
2
1 829 319236133
2
1 463 114410407
1 1379 271235653
1 1296 870027144
2
1 333 436751173
2
1 2056 695642305
1 1767 2810115
1 1075 464971601
1 1205 51223601
2
1 215 6159016
2
2
2
1 2022 25122700
1 1354 11673796
1 1011 60698151
1 1643 22979741
1 399 93029155
2
2
2
1 1463 178511105
1 217 78152449
2
1 1089 132047821
1 1687 207037491
2
1 1085 279275895
2
2
1 1889 98554872
2
2
1 1864 61176806
1 921 105184633
2
2
1 757 456897211
1 1998 105571045
2
1 1201 1646161
2
1 248 113117401
1 1351 405916824
1 1125 46146375
2
2
2
1 795 347279375
1 1109 10196723
2
1 1360 585859134
2
2
1 11 59846191
1 1185 19326097
2
1 1659 266834537
2
2
2
1 1723 346485844
2
2
2
2
2
2
1 626 6259100
2
2
1 1023 735371901
2
1 1476 3926626
2
2
1 612 303436
2
1 320 180785077
2
2
1 995 72469201
1 781 253222273
2
1 1131 478022806
2
2
2
2
1 1103 13652088
2
1 615 435352661
2
2
1 1789 135484221
2
1 767 429030041
2
2
1 1915 589905911
1 442 247682481
1 243 474981767
2
1 1258 576113419
2
2
1 877 82436026
2
1 1521 31705375
2
2
2
1 1071 482558875
1 1983 324854953
2
1 665 319883465
1 908 480726145
2
1 1111 399890311
2
2
1 705 560420385
2
1 1319 147902371
2
2
2
2
2
2
2
1 1917 125097241
2
2
2
1 1045 565670009
2
2
2
1 754 163522733
2
2
2
2
1 189 596894923
1 210 11785249
2
1 2053 326240929
2
1 1767 1520248
2
1 1341 52133417
1 1833 706507040
2
2
1 34 62447680
1 659 28014568
1 199 37228386
1 1849 35539391
1 1809 138014141
2
1 1797 343051093
2
2
1 1578 77157421
1 1383 380885001
2
1 1405 590184349
1 537 289973988
1 590 913714201
1 74 335671671
2
1 779 58448230
1 438 235420134
2
2
2
1 1671 582999004
2
2
2
1 1266 635333426
2
2
1 747 91774081
1 176 30096879
1 1236 53338777
1 417 361399093
1 1493 613851488
2
1 1760 323687520
2
2
1 626 55882295
1 606 128163673
2
2
1 704 452072425
2
1 347 98998604
2
2
2
2
2
2
1 269 7960317
1 1805 52763701
1 633 199976008
1 1007 480563841
2
1 9 332267327
2
1 1292 153567442
1 849 69273873
2
1 575 234280675
1 1151 256626958
1 1413 370587367
1 1869 322075995
2
2
2
1 200 99304171
1 2007 212048445
2
1 1435 67204501
1 1248 211334419
1 1267 702770461
2
1 883 26002621
1 275 94837393
1 2041 340957
1 1040 11622718
1 1515 40993226
1 121 120648817
2
2
1 1231 83850481
1 79 590331281
1 2056 109553869
2
1 37 820778820
2
1 720 27164719
1 1267 638237188
2
2
2
1 1526 117482691
1 1075 730294897
2
1 486 91984369
2
2
2
2
1 399 123086326
1 1552 349790365
1 1679 262512235
1 1627 303905533
1 1291 48450640
1 1957 58002597
1 661 276637303
1 602 3666099
1 207 142684536
1 1065 446568421
2
2
2
2
1 175 341646441
2
1 85 139543009
2
1 18 118528887
1 507 562655809
1 209 262712401
2
2
2
1 1302 520094545
1 1490 338989114
2
2
2
2
2
1 715 12597895
2
1 345 29896882
2
1 1185 690616969
1 1657 86128561
1 1929 280429149
1 1246 516156688
2
1 25 268906621
2
2
2
2
2
1 285 31141897
2
1 949 103276993
2
2
2
1 593 310648258
1 1119 257581233
2
2
1 881 706255621
2
2
1 130 670266501
1 983 25902449
1 2019 250186535
2
2
2
2
1 1997 117805267
1 1999 114219601
1 1340 782142631
2
1 149 195050673
1 139 655914205
1 191 370459873
1 1543 83034721
1 677 74587693
1 1396 400820081
2
1 1803 159738682
2
2
1 1039 2650627
1 874 39839011
2
1 1589 108249922
2
1 1343 92495387
2
2
2
1 1383 41288536
2
1 503 177989626
2
1 337 58457631
1 1443 120062413
2
2
2
2
1 550 237383473
2
2
1 882 584501505
2
1 647 29177710
2
2
1 1544 616945183
2
2
1 15 172521251
2
2
1 2007 883031569
1 1303 104217305
1 1777 286432926
1 281 240510463
1 233 355979611
2
1 1527 392388571
1 1879 10733945
1 823 44126644
1 1707 9041648
1 460 122028709
1 139 277111627
1 337 612411196
1 156 185140801
1 1011 214820926
2
2
1 962 191094665
1 1151 10464861
2
1 1265 6222811
2
2
2
1 1155 836250193
2
1 851 126362671
2
1 1083 343110223
2
2
1 121 187437419
2
2
2
1 1211 38399215
1 2038 360448626
2
1 1005 225073401
1 1131 324696171
1 1537 984464
1 2008 784924451
2
1 1533 637054637
1 411 173543581
1 1145 390538625
1 244 16804572
1 489 33695852
1 1024 714494453
2
1 915 88668681
1 187 105104737
2
1 608 452110982
2
1 275 168522036
1 69 96855325
2
2
1 754 480097321
1 1641 236666303
1 943 75161881
2
1 519 509420809
1 850 56426206
1 1557 957543247
2
1 1836 226241111
1 68 315949111
1 1951 762581801
1 399 22496873
1 1195 326454017
1 172 38884899
1 1881 271369103
1 1222 580305617
2
2
1 1485 23569729
1 425 11314083
2
1 737 514685621
2
2
2
2
1 1227 582167041
1 1542 16469797
1 1499 879261898
2
1 1591 391921361
2
1 739 19202821
2
1 513 185894291
2
2
2
1 804 50362809
1 1647 487553176
2
2
1 2037 277102601
1 607 15949706
2
2
2
2
1 170 608343369
2
2
1 863 122499887
1 1502 360383001
1 67 6992883
1 1783 543365809
1 1557 6526025
1 956 313967367
2
2
2
2
1 352 92614911
1 2009 41814001
1 867 841470239
1 615 100340833
1 785 759933703
2
2
2
1 1643 57604783
2
1 1707 147844009
2
2
1 705 245672185
2
2
2
2
1 997 286398481
2
1 1441 272948655
1 912 61739938
2
1 802 545409781
2
1 817 380021313
1 409 141405113
2
2
2
1 329 610564691
1 15 654472729
2
2
1 1096 379662536
2
1 2021 319954063
1 1213 65331549
1 1709 10186615
1 1792 11521
2
2
2
2
2
1 30 164397265
1 501 149406717
2
1 202 278610731
1 439 212701033
1 1013 10293025
1 1265 11326609
2
1 49 660107323
2
1 109 569738749
2
2
1 388 114381772
2
1 1240 520349193
1 1196 667863706
1 61 464045609
1 557 966924097
1 1147 565044097
2
1 1045 549131733
1 1971 15607076
1 1445 16132
1 151 278632588
1 1219 75048676
1 109 674243697
1 1018 670498561
2
1 1297 404891551
2
1 2037 92090377
2
2
2
1 881 125600133
1 762 179571731
1 1856 292085569
1 503 515402317
2
2
2
1 1927 333920696
2
1 217 60075031
1 1173 96088093
2
1 969 383975505
1 203 375217741
2
2
1 1424 502962725
1 1283 324082861
1 1411 516374
2
2
1 527 899549251
1 597 546547017
2
1 629 504708373
1 167 300762785
2
2
1 57 5002429
1 1196 4120556
1 956 573010432
2
2
1 1731 22271185
1 63 57836871
1 2037 38278945
1 1630 364118333
1 437 28270335
2
1 27 878214113
1 1928 4541329
1 1873 244634001
2
1 1060 674516101
1 318 157858597
2
2
2
1 1636 462447217
2
1 1507 38338329
1 1786 32178001
2
1 1781 182644393
1 494 7070211
2
1 341 19094598
2
1 1093 25916801
1 726 34245682
2
2
1 1541 489419279
2
1 55 441542881
1 1976 322298449
2
2
1 225 64869435
1 1445 402075552
1 1283 110005341
2
1 989 17110822
1 1971 143302468
2
2
2
1 1791 201756505
2
1 1164 32447407
2
2
1 522 318975301
1 1769 10265891
1 1778 20163217
2
2
1 79 131616433
1 1157 324421168
1 1551 362183823
2
2
1 1603 409552237
1 1933 190003573
2
2
1 951 936652321
1 155 8479253
1 308 314350063
2
2
2
1 669 12784501
1 159 154227001
2
2
1 1765 162988453
1 1860 680380921
1 82 59955337
1 1017 19216161
2
1 331 120953281
1 1695 336223304
1 1748 81141163
2
1 529 6456681
2
2
2
2
1 1223 304389421
2
1 1257 824527285
1 499 397122087
2
2
1 574 2236336
2
2
2
2
1 27 113303241
1 1416 162124105
1 1309 130015117
2
2
1 763 732180001
2
2
2
1 296 277890355
1 13 19624303
2
1 1283 134512401
1 1437 715960762
1 548 412297401
1 277 127735965
1 1321 85796686
2
2
1 676 674999701
1 1264 495285017
1 1029 221767525
1 1211 414507301
1 459 519395846
1 1476 181315606
2
1 844 9082451
1 635 340091849
1 1480 189699550
1 1791 337429261
1 171 477180922
2
1 804 177344987
1 670 217497726
1 477 140370931
1 1021 573015481
1 589 113829396
1 1043 311214364
1 562 790809925
2
1 745 151295173
1 1246 60087421
1 207 54582253
1 1155 339935610
2
2
2
1 265 793517299
1 599 81476513
1 763 536878387
1 1599 407666281
1 2005 15899872
1 591 254284801
1 231 334629193
1 281 2409340
2
1 912 60732367
1 1897 4820905
2
2
2
1 85 149821432
2
2
2
1 1249 420243791
2
1 491 640637119
1 674 71180347
1 1646 24990967
2
1 743 495085361
1 1289 554183781
2
1 361 56930567
2
2
1 1067 115449568
1 350 503171241
2
2
2
2
2
2
2
2
2
1 667 359355711
2
1 1723 6421094
1 1699 127533935
2
1 2037 917542073
1 991 39026736
1 1391 243680644
1 1460 7241053
1 521 166379806
2
2
2
1 1180 74239753
1 327 619957
1 297 49536838
2
2
2
1 595 385736561
1 911 401475049
1 1355 82983937
1 1237 25899603
2
2
2
2
1 263 328104001
1 200 2706859
1 1899 8696755
1 1655 548273538
1 1818 391738429
1 6 180255601
1 1039 125982624
2
1 1429 468546814
2
2
2
1 1554 477618865
1 282 604722223
1 38 132694246
2
2
1 229 241757299
1 711 206647687
2
1 1231 365351601
1 1925 170321302
2
2
1 643 446837030
1 1338 152917121
2
2
1 137 638104793
1 1221 4522771
1 497 294761981
2
2
2
2
2
1 1405 163474585
1 892 443264140
2
2
1 1279 447766501
2
1 259 41617821
1 1312 130082155
1 983 11786705
1 1075 29194296
2
2
2
2
1 1719 90156795
1 462 7185661
2
1 1801 87654337
2
1 561 847668247
2
1 369 199124389
2
2
2
2
2
2
2
1 1341 59318533
2
1 73 44845066
1 1541 188993091
1 887 264321913
2
2
2
1 845 527144504
1 1776 442284585
1 1147 437258116
2
1 233 176176243
2
2
1 1941 68156231
2
1 1037 334957729
2
2
1 72 409960409
1 1358 743291809
1 415 123438386
2
2
1 2013 181360999
2
2
2
2
2
2
2
2
1 1307 639395998
1 609 18750711
1 3 93547244
1 995 397624273
1 466 203340257
2
2
1 1007 82242631
1 459 964053091
1 869 226777969
1 1777 4501596
2
1 1975 623106001
2
1 1555 457928641
1 2000 104382433
1 930 35416526
1 49 257285960
1 885 354168611
1 803 286237977
2
1 1453 368403205
1 846 105106491
2
2
1 813 49724929
2
1 1602 187480506
1 1129 66147976
1 801 172193265
1 1445 1752877
2
1 1639 333456919
2
1 1407 14523004
2
1 499 102386461
2
2
1 13 140418411
2
1 939 325528267
1 1253 117977737
1 357 15973201
2
1 1513 167779250
1 867 642685021
2
1 603 93652417
2
2
1 1879 8195986
2
2
1 234 170158735
2
2
2
2
1 1225 186022981
1 1823 190605153
2
2
2
2
2
2
2
2
1 162 277627288
2
1 268 152578906
1 129 308913580
1 67 20362901
1 850 486400993
2
1 1885 301885375
2
2
1 1733 471450337
1 326 1916669
1 599 216547501
1 1161 143112355
1 264 25728289
2
2
2
1 960 192229843
1 1077 37821582
2
1 712 181064972
2
2
2
2
1 576 615192616
2
1 161 194236529
2
1 735 6506368
2
2
1 1291 128324179
1 1510 380533425
1 1089 16408549
2
1 1480 95571365
2
1 1857 520826599
1 357 194279164
1 1448 181740751
2
2
1 176 53398735
2
2
2
2
1 2 141922
1 1280 558075673
2
2
1 1388 85278876
1 1037 101607181
2
2
2
1 1644 320272235
2
1 597 298080821
2
1 2041 321658369
1 1655 208176307
2
1 884 79128121
1 931 454855329
1 47 402331481
2
1 1231 678736171
1 621 762772843
2
1 731 384993298
1 1121 147604897
1 573 5881299
1 993 607224759
1 1144 455419765
1 51 255024835
1 1171 602017071
2
2
1 1713 638386225
1 1065 16983001
2
1 1881 109679844
2
1 1291 94351905
2
2
1 113 353340631
1 854 284183569
2
2
1 512 366988591
2
2
1 1390 49365346
1 1829 53243542
2
2
2
1 1639 125234173
2
2
1 1667 316377289
2
1 1941 653996905
1 1549 394923011
1 192 329349025
1 661 76167777
2
1 1919 15727705
2
1 1289 527549463
2
1 1845 83074753
2
1 1900 109413753
1 898 446023481
1 1287 554387882
2
2
2
1 866 63234178
1 1266 334689201
2
2
1 1821 46759777
1 523 955800231
1 1337 138472385
2
2
1 889 92917081
1 2028 101453401
2
1 589 396700921
2
1 887 386689249
2
1 105 128485397
2
2
1 1264 364695241
2
1 483 538883723
1 1733 186408289
2
1 1101 364494115
1 1051 348579181
2
1 925 192834543
2
1 1366 164336446
1 925 168649141
2
2
1 847 696038068
2
2
1 1122 678313911
1 1847 680718775
2
1 711 23397391
1 1779 162157765
1 257 85007605
2
1 2038 151045301
1 1353 252849301
1 195 275115101
1 1735 212527966
1 893 171588583
2
2
2
2
1 797 627591169
2
2
1 1233 36633471
2
1 248 192961039
2
2
2
2
2
2
2
2
1 1398 614581961
2
1 1640 10213841
1 70 162111951
2
2
1 1369 978941601
1 993 460633526
1 1561 190870696
1 2000 493026124
1 1375 614886691
1 1615 485630476
2
2
2
1 67 262210411
2
2
2
2
1 1715 74618951
2
2
1 5 318108981
2
1 387 91882831
2
1 945 221057257
2
2
1 913 108946812
1 845 98598676
2
2
2
1 743 210293787
1 175 390517076
2
1 797 368565918
2
1 428 505755046
1 1433 363945097
1 1856 300901228
1 1601 132757175
2
2
2
1 950 378063421
1 355 43671475
1 401 228329761
1 1148 646417666
1 579 24976491
1 668 172505998
1 754 113713699
2
1 433 37461800
2
2
1 1887 200114594
1 1653 72350817
2
1 1279 18910321
1 801 879092501
2
2
2
2
1 917 434233101
2
2
1 889 18055283
2
1 274 264138590
2
1 789 765374551
1 1968 47420475
2
2
1 1637 139743095
1 1873 166195775
2
2
1 1393 143030069
2
2
1 621 195783043
1 267 155545333
1 569 946420491
2
1 1903 72503089
1 1991 113643181
1 1712 120961954
2
1 515 528528001
1 733 756408223
1 576 278303243
2
2
1 83 279838940
2
1 847 23435863
2
2
1 1537 223535046
2
1 157 145175018
1 1272 723649537
1 1755 189616825
1 1 143512825
2
1 75 605153557
1 235 83500429
2
2
1 1721 191450293
2
2
1 431 301147822
1 675 333708390
2
1 1482 143451568
2
1 772 244571617
2
2
1 1150 252318933
1 1711 358272721
2
1 341 43428477
1 1067 307116457
1 1585 344088277
1 1507 592190446
1 99 677038096
1 533 159841366
2
2
1 1544 319226584
1 183 46967401
2
1 150 576489316
1 1989 263617957
1 505 12134978
1 23 99477816
1 889 815906779
1 1149 126084025
1 1079 251723557
1 907 42154725
1 1015 10560376
2
1 964 211553409
2
1 1531 827125855
1 587 375736681
2
2
2
1 1293 91036915
2
2
1 1105 871028445
2
1 623 63215466
1 861 471665089
1 1445 163895413
2
1 1159 615932305
2
2
2
2
1 1815 192491593
2
1 1112 213616321
2
2
2
1 1765 639978511
2
2
1 1749 74936796
1 283 9787438
2
2
2
1 841 95108341
2
1 1331 98093161
2
1 747 5650858
2
1 1379 70252057
1 1431 194582752
1 1315 250270421
1 1703 210766888
1 1740 267126587
1 901 241568101
2
1 77 99919651
1 1039 134976934
1 239 486394525
2
2
2
1 873 377775670
2
1 1075 131270653
1 1645 24181851
2
1 2020 2789151
2
2
1 478 275118096
1 251 119927053
1 1930 352076187
2
1 1187 56773731
1 1151 314995696
1 1436 143914895
2
2
1 1327 24929944
1 255 116134855
1 152 94128629
1 1756 203422062
2
2
1 1345 499086341
1 235 34634094
1 1241 818197839
1 483 735248112
1 1521 114537121
1 1420 334261996
2
2
1 1407 544881489
1 2052 493192505
2
1 1843 166766521
2
2
2
2
2
2
1 744 841764996
1 1313 380771081
1 1711 299654304
1 703 36662626
2
2
1 1761 84640609
2
2
2
2
1 353 169492291
1 1449 51676246
1 1439 577577716
2
2
2
1 1573 30172078
2
2
1 1439 724613121
1 518 304902767
2
2
2
2
2
1 1257 561153902
1 2015 27257005
2
1 539 225844696
2
2
1 1055 692782195
1 1057 36692279
1 1721 782188018
1 1241 3681300
2
2
2
1 1664 152581501
1 1925 199324315
2
2
2
1 1543 19859617
2
2
2
2
1 835 444580981
2
2
1 617 416238901
2
1 1203 100881621
2
2
1 643 690210529
1 121 549275169
2
2
2
1 607 170805913
2
2
2
2
2
1 1471 18273191
1 578 166324735
2
2
2
1 1934 200299927
2
1 905 192335065
1 119 417758017
2
2
1 1013 154648151
2
1 2035 18493570
1 813 206521771
1 979 578931751
1 655 42320716
1 63 782131533
2
1 1083 38395231
2
1 1107 183396511
1 613 167007037
2
1 554 602288259
2
1 473 302088240
2
2
2
2
1 438 356749624
1 1181 164682945
1 1909 356331038
2
2
2
1 381 983749781
1 1371 540436513
2
1 606 35126092
2
2
1 1826 20525856
1 645 20746793
2
2
1 1457 1304119
1 790 461589734
1 1841 91281401
2
1 1676 48975927
2
2
2
1 329 421251029
2
2
1 787 316018226
2
1 891 19667809
2
2
1 257 77777701
2
1 1905 302650359
2
1 865 574009513
2
1 15 35601931
2
2
2
2
1 1975 549864856
1 629 261690007
1 827 615203415
1 1556 376534665
1 553 50418439
2
1 203 73552516
1 636 793048211
2
1 2029 269945395
2
1 1043 1624221
2
1 203 168371245
2
1 677 7572297
2
2
2
1 1844 427875869
2
1 79 705798829
1 1694 95710003
1 1929 42638527
1 69 798097686
2
2
2
1 1353 189900585
1 1457 314658865
1 295 12941025
2
1 799 518838861
1 788 94425994
1 1837 384256241
2
1 212 33043649
1 282 192886221
1 1511 97279509
2
2
1 1493 153166730
2
1 2055 26414653
1 574 780134307
2
1 2061 35661781
2
1 205 468948976
2
1 1839 66584200
1 1751 473190213
1 2061 72358395
1 1039 103482469
2
2
1 1927 880997757
2
1 457 296060321
1 1715 8068033
2
1 637 220343839
1 413 31906753
1 129 480312911
1 1930 330234633
1 1267 776266513
2
1 476 30316431
1 1451 120895751
2
2
2
1 345 799079425
2
2
1 1177 142578517
2
2
2
2
2
1 1231 119200233
2
2
1 734 656745967
1 457 613763021
1 981 7913005
1 1698 99330001
2
1 1597 81390629
1 320 2524297
1 1438 319560748
2
1 1397 67168048
2
1 1827 188814821
1 131 99856711
1 741 42006185
1 553 345792174
2
2
2
2
2
2
1 1755 199877994
1 1427 379581697
1 1367 345366343
1 1761 81050999
2
1 579 154561975
1 1411 16085761
1 2053 239141071
1 98 184123396
2
1 169 127932356
1 326 402423631
1 1235 132749771
2
2
1 1443 37808701
2
2
1 207 313123296
1 475 3595567
1 975 441897611
2
2
2
1 771 128727145
2
1 1649 313129675
1 1013 5542519
1 624 824065337
1 1293 19748806
1 246 129024633
1 239 951486672
1 291 379040758
2
1 887 128209606
1 706 233885988
1 641 345087081
1 949 303417055
1 1483 304183216
1 1360 568674037
1 357 442912593
1 1401 38712781
1 116 26447851
1 1455 857859673
1 1561 163193496
2
2
1 1801 542831323
2
1 1983 42521248
2
2
1 1283 392636251
2
1 853 333994981
1 1944 764474261
2
2
2
2
2
1 619 321095284
1 1861 202920193
2
2
2
2
2
2
1 529 550679020
1 1931 729133885
2
1 944 64071105
1 1564 703381507
1 224 201249951
2
1 1348 777383176
1 100 761876809
1 1253 617535131
2
2
1 869 866530261
2
2
2
1 909 15580783
1 1203 62687391
1 1884 32584681
1 820 344558401
1 1289 156843532
2
2
1 407 788235013
1 652 131592111
1 437 71957348
2
1 1635 247016086
1 1073 313274813
2
1 1485 313682797
1 625 65491099
2
1 293 472926721
2
1 125 214594741
1 2021 524732861
2
2
2
1 1494 140815117
1 2015 75473924
1 941 371161723
1 1161 140619563
1 1790 550471320
2
2
1 745 51853033
2
1 827 188850519
2
2
1 1630 11960803
2
2
2
1 718 617515940
1 212 313230369
1 1865 385275727
2
2
1 1005 3765213
1 649 287386501
1 465 913478721
2
2
1 807 26628057
2
1 781 10077211
2
2
2
1 1663 251929351
1 235 483557061
1 889 16116601
1 292 4855761
1 2047 543978343
2
1 223 787580914
1 327 84895761
2
1 1979 141735985
2
2
1 439 377871337
2
1 1057 182380216
1 1702 17539029
2
2
2
2
2
1 311 15690461
2
2
2
1 1787 22593061
1 106 29881036
1 953 499475131
2
1 1625 1089276
2
2
2
2
1 1797 412703526
1 2049 679751542
2
2
2
1 1306 568257880
1 1028 4012097
2
1 330 22343955
2
1 1067 33390866
2
2
2
2
1 879 878043958
1 1654 136776577
1 166 44395637
2
1 1604 221327387
1 535 41228210
2
2
2
2
2
2
1 1409 678538251
2
1 1753 52987713
2
1 582 353754974
2
1 182 49059649
2
2
2
2
1 525 8774299
1 779 1923475
1 1105 86147551
1 707 40782601
1 2053 152106131
2
1 1241 53356537
1 1617 878150853
2
1 1843 30502501
1 1765 266283906
2
1 885 424370747
1 856 78938401
1 545 2338597
2
2
1 353 81209811
1 1283 95243572
1 1437 414741301
1 1381 650942391
2
2
2
2
1 107 23336366
1 595 180566606
2
2
2
1 385 196495768
2
1 1319 180029451
1 81 111404405
1 1725 387360632
2
1 1310 228414673
2
1 1113 301062818
2
1 1154 338614773
1 1132 386340553
2
2
2
1 1387 14711376
2
1 785 54712441
1 1673 15552601
2
1 181 486448547
2
2
2
2
1 1145 515051349
2
2
1 673 709072585
2
2
2
1 826 373665101
2
2
1 1104 229476997
1 1478 243206705
1 441 70622812
1 105 203159009
2
2
2
1 131 144789262
1 407 247095553
1 1441 502657561
2
2
2
1 1665 113153947
1 725 39010859
2
1 1441 217757971
1 227 142609869
1 1287 535002616
2
2
2
1 463 252593867
2
2
2
2
1 1927 774181381
1 1002 7581970
1 1032 1298329
1 1157 177079651
1 625 468861280
2
2
1 1023 6175469
2
1 76 410189493
2
1 1095 631408211
2
2
1 716 72847521
1 133 790096476
1 1119 274674457
1 1349 123537142
1 1371 94433907
1 468 369952038
1 737 539346979
2
1 1613 300025135
2
2
2
1 1474 334249918
2
2
2
2
1 1637 9528161
1 699 211306126
1 1771 253653117
1 611 211315171
2
1 1999 23929815
1 1799 707385097
1 231 359185438
2
2
1 556 520076456
1 1809 56718316
1 508 239497237
1 637 210712113
1 1854 498842483
2
1 675 319939661
1 807 341266235
1 1375 176798403
2
1 639 374085559
1 1557 385477985
1 1953 61452200
2
2
2
2
2
2
2
1 318 130815658
2
2
1 897 563738049
2
1 1915 219124081
1 957 51956911
1 1455 96580673
2
2
2
1 1562 21948361
2
1 1821 80211169
2
1 1411 516431522
2
1 1247 121587090
2
1 173 711656923
1 1867 191618544
2
1 1121 154649173
1 506 68771541
2
2
1 463 262053961
1 1129 478028097
2
1 1259 127366561
1 1875 32210785
1 122 32604811
1 419 379713745
2
2
2
1 629 263238129
2
2
1 2059 365728300
2
2
1 441 212636152
1 483 327602383
1 1089 356097334
1 875 132227269
2
1 227 524318972
1 164 47956105
2
2
1 1456 96129993
1 1337 74080241
1 1867 29656486
1 919 38372803
1 1077 204815673
1 597 379436824
1 251 20205586
1 423 486152083
2
2
2
1 126 146126960
1 990 202921929
1 1751 203701642
2
2
1 838 464547201
2
1 1021 94662903
2
2
1 311 352591727
2
2
2
1 2015 438745264
2
1 988 294965029
1 1281 79605208
1 1880 89024785
2
1 1843 133725060
1 261 96542662
1 1853 467122699
1 1097 245583085
1 1913 111449866
1 537 220507783
2
2
2
1 1421 834742117
1 1983 138393685
1 631 237286365
2
2
1 1835 243653577
2
2
1 703 25852031
2
1 489 264366441
2
2
2
2
1 1279 90344400
1 187 3396641
2
1 883 96879925
2
1 1757 684879895
1 1347 605560292
2
2
1 172 269133818
1 1027 414384832
2
2
1 1625 354410457
1 247 238243357
1 479 55849311
1 619 4936937
2
1 1619 193041001
1 58 646713241
1 1641 389666707
2
2
2
2
2
1 179 75820900
1 1179 337029547
1 1101 735520165
1 219 598688771
2
2
1 837 562866625
2
2
1 679 215391793
2
1 1311 117731843
1 739 110291
2
2
1 2025 210565993
1 875 726744656
1 1716 399467873
2
2
2
1 1073 443586266
2
2
1 1704 101349669
2
1 1558 23600311
2
1 829 123780833
2
2
2
2
2
2
2
2
1 1323 420898767
2
2
1 1133 239725185
2
1 1125 717144858
1 929 711686769
2
2
1 1283 104734973
1 1652 52687405
1 1576 345875231
2
1 1540 61504661
1 1650 26171195
2
2
2
2
1 831 213839569
1 1896 90229569
1 806 533381029
2
1 1794 660609
1 74 3401281
1 939 307312335
2
2
2
2
1 84 482188836
1 1399 99912725
1 1104 329272126
1 23 714434568
1 1439 190242109
1 687 427784641
2
2
2
2
2
1 1390 6484066
2
2
1 1223 11377396
1 206 375895831
1 1907 727316353
2
1 859 465514849
1 29 572630689
2
2
2
2
2
2
1 1737 124178175
1 425 679180456
2
2
2
1 1904 39779881
1 979 180546109
2
1 190 312929501
1 162 462832311
1 521 185647031
1 133 69999805
2
2
1 1321 637394033
1 1553 20917425
2
2
1 1607 492434398
2
2
1 1373 353539681
1 1331 73042281
2
2
2
2
2
1 1995 308208097
1 215 31590768
2
2
2
2
1 885 287104531
2
2
1 791 504545009
2
1 694 6400337
1 1179 96004873
2
2
1 1787 2385067
2
1 1295 33547561
2
2
1 1773 497104070
2
1 235 686010081
2
1 1902 10000213
2
529 921
2915 3195
1041 4437
3795 4699
3790 4521
1234 4791
1497 2581
469 2300
601 4401
2851 4339
2725 3434
652 2294
2533 4548
2621 3425
1325 1695
669 817
4293 4761
616 691
546 689
2206 4969
2415 3364
1729 3184
573 1301
1401 2337
641 1309
1353 2275
298 3523
3353 4638
201 4079
2226 4906
2325 3485
801 4761
31 4875
1265 1361
831 4957
914 1452
107 1505
349 2421
1285 3761
41 4653
133 3993
1585 4756
1421 4153
787 4051
2501 2775
507 1612
4229 4841
481 890
3356 4785
2939 4137
953 3512
1886 3355
2154 2613
3701 4361
3566 3833
1109 4221
2610 4148
1176 1371
1054 4561
1821 4361
4005 4956
75 4021
1945 2069
2587 3769
4327 4865
2137 4598
833 3719
2497 4477
1168 4046
590 2507
795 4319
1817 2268
91 3939
2001 2609
905 3053
271 4520
384 1031
2140 3187
3361 4766
212 2034
2886 4801
2993 4977
2501 4796
289 841
3309 4871
689 1577
1605 4449
1750 2326
1727 3637
3133 4101
1331 3608
569 4916
2100 4666
1121 2111
3263 4461
3953 3991
143 330
681 4860
511 2267
1467 1781
1525 3693
3059 3291
988 3201
1798 4947
2275 3257
620 2360
2227 4849
21 1509
3499 4501
1445 3566
3447 4613
2821 3012
1673 3770
273 4247
760 2245
2473 4981
1536 4599
2474 3571
556 3066
234 4461
1569 3245
361 4456
2842 4631
2186 4809
2714 2811
1744 3441
841 1778
1421 3461
2433 3129
1883 2473
4086 4529
4521 4535
1068 4451
819 2389
4277 4976
1066 2857
2801 4817
1543 4361
1562 4481
404 2401
3687 4936
491 2092
2183 4937
2388 4121
3496 4529
2941 3934
2834 3053
195 2296
2126 4695
2797 3852
566 4641
1233 1683
325 1702
1697 4046
3626 4821
1425 3725
2640 3297
2891 4265
537 1463
1096 1437
3151 3721
2049 4950
4411 4584
1801 2638
1051 4259
2375 4625
3245 4377
1121 2181
755 4012
45 205
4129 4486
1281 3051
801 1741
2717 3266
620 3096
626 2290
1576 2911
4129 4131
146 3161
2213 3343
3641 4126
57 3505
3865 4627
303 4527
2805 3581
3995 4001
270 3033
1011 4371
265 4057
3649 4713
1689 4373
3507 3587
329 4460
1919 3519
351 1315
3224 4729
2255 3603
1105 2321
646 2208
1881 2182
3331 3461
153 2741
2555 4756
536 4199
1893 3779
1614 2207
3256 4643
392 609
2186 4854
1001 2592
3185 4845
61 574
3825 3869
329 2832
3036 3133
741 4720
925 981
3316 4273
1425 1555
2017 2290
1931 2481
209 4541
2961 4383
85 4273
843 2923
1003 4089
233 369
3431 4249
3449 4786
2903 3027
2473 2955
3647 3907
19 4874
1633 3233
387 2484
848 4370
850 3346
324 1669
2201 3053
4513 4841
2593 3645
4299 4645
988 1577
2358 4251
969 3781
285 1720
1148 2584
1111 3031
2196 4327
2601 4663
2535 4871
876 1267
657 1431
1069 2989
793 4723
2269 4173
4183 4335
2481 4536
3036 4439
1877 4853
1541 4785
2331 3953
576 4541
1536 2337
1315 4319
1581 3719
377 4963
740 4493
279 4411
811 3108
4274 4505
991 3401
1709 2643
231 1247
1138 4681
2543 4689
897 2474
491 917
446 476
3105 3916
809 3381
2127 4051
1951 4865
2037 2991
229 4326
28 239
3941 4923
641 2407
2483 4661
541 1402
3665 4041
1033 1745
1781 2551
1147 3787
545 641
1785 3599
2585 4998
2313 2771
279 2247
1438 2064
607 2854
951 2677
1122 3999
1482 2691
3612 4486
801 3001
901 3537
501 2601
4161 4445
1351 1920
1512 3673
3617 4683
589 3647
795 1970
2193 2516
729 1137
3988 4839
67 1108
1223 3231
163 2885
2110 4453
1013 1457
116 2650
1001 3825
2937 3351
1351 2281
879 1552
501 1361
2937 3922
1906 3837
2571 3777
183 1208
1653 4005
2888 3265
633 1589
3989 4028
1648 3086
3049 4773
1251 1570
341 1643
713 3943
2955 4131
1217 4365
758 1569
2136 2495
1266 1443
2836 2969
2627 4421
1401 4313
1550 3806
4599 4913
3601 3769
1287 3747
4539 4705
3921 4785
2573 2939
3781 4271
1145 1505
2651 3545
2265 3123
701 2153
1826 4141
1385 3801
2717 3472
1719 4970
1135 4793
2713 2801
4373 4473
3859 4947
1561 2089
369 1769
1049 4144
1441 3851
3069 4217
369 661
1251 1371
2449 4529
1609 3493
141 3410
1189 1943
681 4648
2853 3854
443 1589
4363 4885
3458 4001
505 551
83 3093
1061 4203
1913 3149
57 945
195 1349
3449 3945
3819 4183
459 2875
2151 3345
116 1532
2183 2353
2570 3361
1466 2616
2393 3270
2158 2173
121 2771
399 707
929 4621
1613 3876
1853 2559
1301 2207
177 2897
1163 2881
3724 4857
21 4691
31 2149
3238 4262
899 1433
2155 3951
2841 3661
3989 4639
943 4761
1649 2201
2735 2917
1021 2623
906 2513
776 1251
1412 2611
829 4664
174 1081
1988 4051
2352 3376
1886 3893
717 4359
629 4451
2026 4501
945 1461
533 4151
1559 2132
1801 3996
977 3301
1376 3125
3449 4006
3256 4457
401 3281
1004 2081
3331 3421
2375 3503
270 2992
296 2561
2908 4761
131 3873
1333 2886
2709 4561
1605 3537
1196 3652
2101 4096
2689 3376
2617 3881
982 3261
1185 2681
1633 3761
22 566
4149 4928
4271 4901
377 3751
961 1245
3672 4268
1473 3927
2927 3617
1560 2513
842 1417
445 2164
1833 2702
1022 2392
1801 3713
2338 4341
1791 4431
775 4638
1525 2009
245 4840
1981 3079
1079 1325
317 4921
1866 3619
2321 3378
625 1953
781 1361
1565 4475
1669 2065
2049 4090
3381 4695
1195 1517
1147 4603
1992 4699
437 3936
1697 4146
2497 2903
728 1001
3089 3174
114 2005
2231 2857
2235 3891
201 238
2270 4373
1 3487
985 3261
4085 4217
3114 4840
1611 1917
2201 2761
3017 3967
3897 4281
1411 2093
4045 4143
4141 4461
2410 4839
1501 2930
667 2286
1450 2961
839 3385
519 2707
2955 3034
532 4065
381 3465
3307 4991
1151 2320
124 1126
1291 2291
3701 4991
783 3736
2337 2723
447 4440
618 3745
645 3249
941 4534
2845 3771
34 4609
1729 2329
2696 3186
3052 4574
2101 4093
2165 3944
1163 1182
4141 4454
3953 4341
921 3361
657 4359
2467 3851
1992 4299
2683 3785
391 2656
2450 4139
70 3245
415 606
4001 4862
2351 3801
85 1513
1617 4585
2953 4144
1817 3647
1786 3017
801 1676
1013 2698
2735 4643
1581 4169
213 4730
1302 1337
2236 3951
3465 4059
1593 2445
1785 4438
2479 3030
29 964
1647 2349
2511 4997
1020 3251
2251 4391
689 4501
1859 3714
2334 3456
4013 4500
1611 2581
1 199
671 1577
3593 4341
1330 4751
4617 4721
4082 4939
1101 1136
1113 2885
1136 4065
1345 2587
3353 4761
421 1801
948 4073
162 2821
2853 4910
391 2271
1095 3893
713 3025
494 4591
4321 4431
869 3750
4178 4977
1976 3426
539 2009
159 3651
991 4001
235 1176
1806 4488
1001 3141
4348 4838
2167 3497
4767 4769
1097 1681
3861 4297
746 3309
4306 4469
1361 4860
1827 4569
3401 3689
957 2595
3232 3743
1829 2553
1871 3197
481 4107
3976 4053
4191 4369
4383 4784
2405 4041
937 3727
3786 4001
337 2925
881 2117
3497 4183
1167 4023
1545 2705
309 1297
2226 4857
2705 4835
825 3556
121 3901
2715 4717
665 3946
161 1679
1331 1895
4399 4640
513 3491
2261 3101
3006 4884
2538 2953
188 3561
2077 4176
3991 4376
1233 3549
167 4876
3793 3899
2706 4617
753 2537
1 2251
1731 2125
1633 4575
1351 2852
1651 3121
1881 3301
1355 2819
744 4113
1537 4689
2785 4621
17 2216
505 883
1093 2605
3051 3986
751 1202
1399 3381
3250 3905
57 2249
1 4471
73 1702
1289 1856
1091 4286
2889 2918
3857 4689
2609 4221
1367 2633
3657 4187
176 2057
1303 3760
2717 2857
4014 4969
2290 3009
1030 4101
815 4206
3927 4829
509 4416
2241 4325
222 4651
3053 3651
2051 3847
1272 2487
866 2152
3711 4603
1843 4213
1116 3503
131 2485
1787 2491
1707 4459
1126 4062
3976 4371
2821 2882
1088 2825
401 972
2025 3238
363 4273
470 1863
3413 4132
2751 2981
1638 4765
501 1381
3153 4556
801 1704
366 1686
281 1696
1744 3331
3741 4345
4426 4641
1041 1377
1381 1662
4593 4640
1825 4957
279 989
3906 4241
1314 2634
1012 2501
2338 3593
1191 3873
566 3641
2545 4015
1436 4541
1014 2201
1371 3654
2613 2627
2851 4046
2982 4311
2329 2875
2139 2845
1695 3049
963 4191
4001 4007
1903 4908
90 3624
1491 4905
2807 4158
2843 4309
129 3541
1469 4177
1137 3672
2005 3290
3421 4409
3397 3801
2001 2845
2111 3890
2269 4387
2167 2340
895 2891
3664 4255
83 1464
2001 2922
3001 4688
1701 3721
2621 3401
586 2209
921 3645
157 3882
1335 3281
3861 4524
2219 2691
349 935
1576 2060
3697 4581
757 3323
2239 3058
961 3765
3773 4721
1813 3973
1071 2251
737 3316
4133 4771
1756 2147
501 1176
387 3381
429 4689
2201 3913
485 1785
2589 4276
1271 4459
4321 4961
293 4316
3663 4865
287 3688
3021 4368
1517 4520
2081 3481
762 1817
891 4671
3426 3833
3777 4133
2217 3982
1075 2311
1 2189
1735 3051
1677 4677
1513 3801
393 2076
2960 4126
1262 3721
1034 4264
2057 4252
1026 4465
2155 3689
1500 4428
880 2385
1553 3089
493 531
601 4462
3060 4421
3151 4821
2169 4569
440 3125
3829 4454
745 3991
3041 4169
2561 2625
2407 3955
265 2347
2006 4147
1501 4305
2593 3862
2087 4451
1911 3247
893 4033
3585 4286
3437 4430
1706 3305
3553 4933
37 4037
1313 2077
1257 4823
1069 1681
3981 4768
2196 4557
2257 4849
767 3961
937 4484
413 2884
12 2850
1259 2108
81 986
1998 4995
1661 4917
1337 2911
189 4091
1011 4683
191 2317
17 541
4025 4158
4001 4555
502 1426
971 1455
2033 2046
221 3791
149 561
1767 1942
271 3969
1753 2047
3211 3408
1545 2983
4391 4997
1347 4011
2471 3146
41 2536
521 3071
3157 3797
351 899
562 2185
1473 3122
3133 4444
1553 2777
645 2561
1945 2661
1420 3015
2145 2870
557 1641
1026 3041
3885 4417
2639 4411
741 3581
699 4096
161 2893
541 2401
3132 4061
350 2730
1053 1201
1713 2894
2096 4332
705 2117
21 3113
2035 2101
3709 3840
433 3561
3360 3701
1625 1905
856 1985
385 4761
2878 3569
2744 3876
2369 4665
501 1884
2217 3353
956 1991
1099 2923
413 736
825 4289
1321 2125
489 3153
3057 4961
2833 4969
901 1732
980 2531
461 1697
1085 4605
1421 2626
1251 1585
1671 4349
361 3211
4021 4657
2439 3081
669 3649
851 4871
2691 3641
2041 2347
1310 4233
1901 3844
2921 4729
201 2301
3737 4369
60 1746
2537 3133
1349 4985
1226 1591
3931 4092
367 4834
2183 3465
3356 3776
1257 4709
385 4645
1854 4863
734 881
45 201
1 798
3010 3868
2109 3641
4123 4353
739 2636
141 686
2043 2262
1528 2261
4455 4828
2568 2785
57 2237
259 4438
2469 2683
2626 4483
839 4576
1831 2301
1081 4401
2396 4370
841 4561
1792 2301
441 3503
1098 4485
2487 2641
3009 3026
695 4901
3111 4493
3122 4751
849 2835
3209 4506
3116 3827
651 2501
266 2365
305 1729
139 2302
445 696
2753 4741
782 2656
1036 2681
2541 2751
4422 4811
3217 3431
4012 4886
1781 1968
1673 2161
2081 2313
1409 3729
37 897
2681 4851
887 2951
1518 2385
280 4725
3513 3710
3157 3641
976 1893
1481 4163
3522 3575
4518 4816
3792 4630
1176 2001
2506 4485
937 2881
1913 2003
917 4499
2801 3516
9 1831
1303 1997
1251 1953
4671 4805
2627 3629
817 3585
4271 4602
1551 2715
208 729
416 1280
4145 4477
2403 3476
656 1127
1459 2229
3546 4565
649 2539
1703 3177
927 1281
3138 4651
2985 3601
2803 3441
1572 2625
3851 4521
2654 2834
7 131
1126 3901
3161 4545
216 491
476 3709
135 2339
2645 4157
382 2501
584 2609
2225 2482
3258 4002
4169 4641
314 3581
311 2791
427 4281
28 2484
1701 2725
2623 4024
1311 3887
1101 3425
4302 4555
2600 4003
265 2448
921 3461
1751 3153
864 1193
2647 4941
3226 4501
1791 2331
825 4758
112 513
1631 3931
3841 4230
601 847
1821 2451
243 3909
225 3908
113 3171
14 3703
929 1865
2838 4326
3536 4971
336 3104
451 2759
1251 3446
2809 3305
1231 2546
4089 4713
673 2041
2073 4311
1729 1921
557 3825
1481 2725
1424 3113
3851 4753
1745 4626
3731 4551
2711 3169
3046 4145
1076 1467
720 2087
2523 4195
1954 3502
1061 3840
4281 4933
1453 2637
1197 2470
334 1936
31 3413
1585 4377
3529 4281
1746 3781
208 2457
345 4337
921 3111
935 4905
4399 4654
391 2761
851 1313
841 1823
2970 3281
1425 4253
1513 4007
141 2984
4908 4971
859 4399
583 3435
649 3125
191 3021
2521 3207
221 4976
1901 4085
2165 3415
1101 1577
2001 3137
1171 4777
2981 4801
2427 3625
519 2493
1801 4149
1089 4662
1948 3348
491 2680
2312 3210
1205 2799
3473 3901
3607 4251
2206 3245
1601 1781
576 1285
741 3073
3756 4739
217 4007
319 2661
1571 3442
3201 3683
505 1211
1742 4361
445 1125
3297 3461
627 969
1785 3704
517 4885
891 3233
235 2245
961 3150
881 1243
1821 1856
2097 4946
3287 4259
836 2258
1313 3724
2203 2541
1787 1862
1170 4769
2161 2913
2511 4021
93 509
576 2151
2349 2733
4423 4561
446 2001
661 1911
3030 4297
2689 4157
793 3961
1141 3428
1263 4333
1422 1871
1321 4807
1141 1648
2977 3001
337 3247
3098 3186
873 3882
2841 3730
1077 3681
4187 4233
1908 2516
2131 2611
177 4293
3535 4399
1569 2255
1975 4965
3353 3486
3073 4157
2851 3921
1455 1657
1051 3959
2011 3507
774 3473
273 3771
779 2937
281 2687
335 2721
201 1511
601 2417
391 1955
935 4153
3502 4521
975 1735
1401 4151
3662 3731
3 4205
1671 4059
1182 4193
1627 3028
3888 4426
3597 4337
2516 3337
128 2046
537 901
3953 4231
1772 2807
3993 4881
341 689
746 1215
283 1245
1029 2012
3194 3209
1218 2290
413 2952
529 3286
835 3485
1473 1941
557 3391
327 465
446 2773
3753 4161
2712 3801
689 1309
731 907
3641 4651
579 4723
1667 2481
2426 4229
1501 2235
2089 3139
941 3905
593 1440
41 3419
191 2501
2161 2591
593 1461
677 1543
1092 4849
275 297
1621 3431
2435 2618
129 4723
661 3509
2668 3420
2361 2660
734 3668
196 1011
1645 3053
223 2221
1120 2407
3265 4422
617 3857
107 4791
498 565
147 1851
176 3339
1558 4431
56 4662
4506 4793
379 4057
360 4710
3745 3921
2741 3465
992 2993
1301 1720
1961 3283
561 2445
258 4425
710 836
3536 4361
3179 4105
1356 3409
1126 4555
2227 4501
101 4701
1941 4101
153 4141
2425 3386
1555 3293
1049 2064
3246 3969
772 2641
1161 2076
1967 3001
2019 3240
2821 4241
2925 4914
767 4096
2225 3757
1126 2927
2681 3021
4542 4993
1593 4193
2151 4705
1741 1989
186 2130
1989 3531
161 2609
1250 4096
967 1034
3949 4601
1748 3721
3743 4001
691 1725
120 2701
2049 3713
2641 4977
257 1501
2289 3525
1387 3621
3731 4101
539 4163
1489 3331
1819 2217
4499 4801
927 2309
1339 2521
2662 3941
1203 2097
590 2669
2188 3319
2490 4042
463 1257
1001 3349
1799 2609
2676 4956
319 4438
1201 4020
331 3497
1626 3406
2355 4926
45 3887
2053 4340
1185 2957
2015 2975
3441 3614
361 392
445 869
3041 4129
521 1594
1401 2954
2254 4345
1797 3184
113 701
1633 2627
1609 2415
2241 4152
849 3151
1906 3893
3511 3649
951 4965
2205 3963
2522 4813
3242 4737
378 3836
3001 3509
826 3285
1921 3982
2301 3180
101 4303
3931 4915
497 4453
1961 2241
2601 4936
343 2478
1916 4042
194 2753
1771 4225
1736 1873
1946 4655
2161 3303
1120 1181
162 3896
1056 1881
1921 2658
781 1645
1632 3453
2969 4610
767 3201
716 4289
429 1001
2337 4213
2331 4227
773 889
729 905
2843 4105
29 3885
1854 3372
2127 2735
1946 4775
31 185
401 761
1015 3853
2722 4076
309 881
1193 1489
2315 4205
601 2904
2513 3561
2101 4793
3625 3745
1432 3126
4301 4509
171 3497
3917 4767
2817 3101
251 4995
51 341
3897 4541
1775 4448
436 3385
2337 4981
2913 4674
194 1641
1801 2391
571 1302
269 515
926 1439
1141 3321
1849 3152
2686 4081
1859 3949
1111 3369
1954 4373
1471 4625
911 4405
3161 4325
2833 4173
2018 3300
113 2069
1086 3081
446 601
732 1209
1611 1761
936 3593
811 4561
2781 2873
4137 4961
976 4349
1755 3973
215 1763
2603 4927
3018 3121
2924 4073
1401 1929
467 3988
2645 3950
1046 4876
3065 3405
3163 3751
1815 4869
4441 4586
2785 4643
1771 4657
246 2657
113 3952
2345 2485
501 3515
3103 4317
986 4971
1081 2265
2321 3977
1285 3393
325 1105
401 3627
2561 2875
2393 3072
2245 2330
3751 4586
3617 4581
147 3837
501 2493
241 1161
3546 4814
512 4845
1201 4611
2047 4971
2641 2905
631 2672
263 2085
1429 4645
1343 4673
1289 2625
1869 3455
623 2811
1373 2629
438 2978
4273 4681
269 2405
89 1641
107 343
2256 2306
1362 3633
2933 4466
2231 3140
649 2434
4105 4325
2968 4917
1033 3482
241 660
3988 4396
3477 4421
2348 2351
701 899
3301 3624
89 303
3071 4021
1153 2941
4071 4194
1625 2809
1525 3172
1490 2260
87 1350
862 4836
2811 3034
981 2062
4713 4755
4148 4293
1927 4129
1918 2449
785 4633
2609 4081
967 1572
82 4377
1731 4817
731 4562
604 1222
4136 4161
182 4641
621 3909
2364 4671
773 2278
3901 4398
940 2741
225 4295
1041 1897
3153 3641
1877 2321
1601 3348
373 4299
3347 4828
981 2050
3913 4731
913 3785
487 2017
2793 4065
1763 3937
2881 4673
2521 4545
3585 4931
201 2021
1905 4946
1831 4377
1037 1976
1139 4421
1573 3186
801 4737
393 1093
3416 3473
681 3833
4121 4189
53 2296
2327 4663
2091 3833
4321 4361
2818 3497
1307 4102
747 889
1137 1864
4311 4624
1457 4705
819 1129
2555 3176
289 1431
3868 4149
3785 4589
55 648
164 4281
1561 2550
1346 2626
2063 2601
2835 4285
991 4081
2376 3196
209 1733
963 4456
367 4889
1251 4251
1293 1981
4302 4381
2172 2333
1476 4886
93 3236
2561 4778
1799 2686
967 4546
497 4852
4126 4977
2581 4577
161 3185
2251 3809
649 2429
297 4928
213 753
2529 3726
4031 4961
1797 4979
2483 3505
541 4231
970 2851
2641 3716
4211 4517
1251 4993
291 4531
2801 4241
294 1029
1356 4663
1971 4476
990 1077
881 4001
3541 4145
521 4007
2936 3476
2385 3457
1079 4379
1401 3469
501 4226
1704 2618
2725 3449
1341 2216
1567 1601
453 3509
2573 3072
3029 4925
2151 3526
760 3672
3712 4131
1251 2873
772 1973
953 3961
741 4888
3612 3921
1723 2851
294 1329
807 3456
1129 3481
2321 4242
2001 4865
2503 4162
319 2881
2741 4143
52 2851
1109 1193
1625 1883
1590 2171
1797 4457
1653 3840
2577 4592
1371 1420
2001 2231
243 1697
2769 3801
3266 3457
2957 3331
1670 2001
1005 3539
2361 3541
315 2422
1670 3967
233 2857
3553 4875
3377 4321
430 1673
2207 2580
3582 4505
1369 4841
1089 1305
2601 3517
3701 4789
715 2898
353 2389
41 787
69 1563
149 3121
3095 4241
172 2373
1089 2617
405 4984
1547 3743
145 420
2853 3494
2559 3577
2183 4981
240 2259
95 3563
2834 4187
1280 3623
2929 4665
537 4939
2766 4041
861 3773
1527 3181
881 2460
337 1497
2585 3601
2002 2721
1068 4085
249 2650
1349 2636
925 2533
1652 2697
816 1411
1 3849
53 3161
2201 3201
525 3801
114 1876
1329 4299
1822 3669
243 3101
2216 3801
435 2735
997 1718
3211 4579
2665 4171
725 997
3195 4619
2229 2769
373 2385
1128 1457
1401 1605
2793 4023
1831 2361
689 2651
937 3345
1151 1889
4339 4477
2077 4063
1141 1779
397 421
496 4393
2881 3605
2223 3791
3748 3801
3112 4479
2791 4631
1605 4669
3532 4801
801 2885
833 3489
41 3085
2531 4881
2057 2687
638 849
1801 2026
656 4701
641 4491
589 1625
441 786
1229 4147
708 1136
1617 1973
687 3567
625 1611
518 2171
937 1341
2946 4909
4201 4920
3198 3957
43 4821
41 3475
2361 3846
256 3359
1975 3611
1621 3477
901 2201
746 2693
2021 4041
75 4681
1857 4895
1964 2927
1081 1095
1 3842
2337 4164
1599 3958
4262 4627
175 1897
1531 2241
197 3321
885 4521
2321 4845
1153 3587
2807 2887
129 2193
493 2105
95 4733
1903 3985
1651 2197
3809 3836
3917 4795
2432 3647
1885 2294
1603 3369
326 3661
1637 2127
3066 3962
2746 3656
1298 3441
3355 4809
486 4552
3049 4886
741 4813
394 3947
1951 4721
1899 2701
129 2669
153 1461
383 2487
2677 4101
385 2345
448 2469
171 2931
3489 4985
2115 4859
1297 2032
1989 2086
3245 3897
323 1155
4352 4433
1247 1903
1155 2173
859 925
183 1777
1355 4689
4750 4791
498 1953
908 4228
41 689
1663 2147
2572 4113
1885 3213
2985 4645
4085 4816
2001 2193
301 4983
1273 3729
321 2056
686 2147
513 2809
21 3001
2049 4267
2577 3751
26 4976
2501 4555
13 2501
865 2804
1367 3693
623 4306
4369 4569
1547 4867
761 4485
1169 3882
2466 2941
3167 4091
361 1169
2208 3725
1949 4295
55 2287
139 701
3524 3987
865 1601
1169 1189
2445 3684
3986 4419
1521 2489
1009 4636
1182 3248
59 361
753 1173
55 131
1266 2812
2396 3885
1715 1900
3169 3571
893 3930
1150 3519
3913 4561
3601 3901
706 992
3756 4633
2345 3645
1276 1833
2476 2671
1149 3275
1517 1595
689 3265
1597 4707
2486 3863
2381 2891
2360 3054
2952 3268
2319 3859
2026 4441
2584 3041
2282 4481
849 2659
2001 4320
3641 4812
199 3817
4425 4841
1585 4201
658 4465
1998 3345
1401 3319
1785 4856
565 3381
2276 4017
3274 4185
1229 1409
2893 3141
2559 3851
1720 4314
1341 1505
2001 2978
4071 4631
486 4789
3718 3913
2971 4623
979 3897
3043 3789
652 4836
2229 4964
3671 4191
827 2053
4041 4687
466 1811
3275 4881
3875 4153
2678 3371
2095 3473
1121 4030
702 1501
3006 4793
948 1310
1951 4298
1601 4969
311 3790
2371 3401
1213 4973
1544 2059
1989 2264
3339 3921
2432 3425
3291 3401
273 3409
1025 4587
1967 4771
2793 3309
1425 3899
3969 4943
1361 3631
2505 3405
2049 3982
619 4098
1043 4141
2376 4808
2311 3833
379 472
2073 4305
1029 2707
3036 4851
1461 2266
1521 1941
1796 2021
3339 4221
3401 4651
850 2115
269 2169
3451 4821
2063 3523
1825 4676
1705 3641
2913 4057
1775 4621
1065 4955
645 4933
361 3841
2367 4671
801 2189
926 2530
2691 4106
2100 4161
3322 3417
456 490
2769 4385
45 431
2034 4925
150 358
2428 4529
3681 4795
1692 2288
185 1772
3102 4795
1008 2426
481 4753
550 4769
3061 4106
2937 3277
281 4119
1127 2233
521 2969
2601 4761
1581 3226
37 4824
2473 4251
1981 3145
1251 4131
2965 3159
2511 3221
3471 3894
161 3773
1185 1852
446 2227
2626 4300
205 4937
249 1737
2677 2805
1933 1951
1301 2533
1129 3378
259 2916
4353 4846
311 1266
560 3501
1185 1241
1873 3015
1359 4009
3785 4201
2911 4695
1188 1576
25 119
2476 3646
1354 3251
78 3231
2127 2609
922 3445
3761 4689
1945 4769
2670 4551
2421 3973
3025 4001
3961 4389
3117 4451
1825 2553
4171 4366
1501 4901
2953 3780
716 4420
689 3145
37 3573
2671 3097
165 4428
3987 4419
2968 3898
2889 4391
849 3094
39 181
1287 2593
537 3837
2890 4286
2971 4190
2241 2449
329 2688
961 1961
2741 3629
3645 4696
1609 1761
1265 2601
2417 3171
4747 4969
1 2073
3951 4881
1945 3569
1241 4413
977 4475
775 2095
3166 4586
3599 4069
2191 2616
2746 4289
219 2737
762 2321
1163 3353
577 4551
405 1689
777 2076
505 4757
653 851
1001 4041
1942 4105
1279 2639
1776 3305
209 1025
3446 4017
1 4015
3485 4665
789 4561
1349 3641
301 3199
427 589
1398 4835
801 4761
3239 4023
3085 4107
889 2205
1851 3781
971 3637
1327 4261
16 1791
2442 3037
3029 4706
1817 3001
1962 3117
381 2863
906 4137
353 3817
1881 3006
2958 4621
1676 2762
535 1467
524 1751
3431 4681
281 667
1895 2853
335 3865
1357 2637
2104 4900
376 3558
2353 4953
2289 3623
2892 3161
1373 3481
1869 3856
1013 1855
1016 4077
1535 4954
589 1709
2621 3900
1849 2741
3497 4796
1361 3985
193 1749
211 2127
1163 1513
738 3476
1601 3297
889 4881
3928 4996
691 1433
1553 4569
51 2033
2138 4910
1626 4137
976 2056
2390 4476
2709 4393
1051 3801
4073 4641
2503 4511
2518 3134
1057 2275
769 2141
854 2342
1637 2559
2001 2241
3025 3853
2576 3331
782 4348
2077 4961
1078 1522
4457 4929
2475 4781
151 3269
2917 4724
3561 3579
1731 2225
1147 3823
1297 1301
3270 3303
4321 4393
1985 2476
3826 4081
2101 2992
1883 4328
1981 3609
2575 4391
4766 4853
3531 3685
36 4141
2329 4488
2071 2321
2221 2949
726 3635
2043 2551
676 1654
4466 4945
865 4309
3319 3403
1139 1553
3467 4481
101 2369
2535 3915
81 2453
716 1593
3101 4225
1581 2798
1146 2978
819 4157
2895 3601
977 3169
999 2905
2343 3782
2049 2761
1040 1581
1845 2501
3454 5000
2101 4131
841 3845
748 1565
1581 2701
2104 2986
1741 3737
169 173
341 2353
2692 3401
157 2955
2801 4204
2126 3501
1571 2687
941 3427
1675 2745
2961 4231
261 3601
593 2996
1210 3423
2957 4072
881 2843
2931 4233
1531 3765
808 2925
2915 4851
431 1351
613 2026
2417 4525
979 2081
1511 3673
903 1091
161 2071
1696 4172
2015 4501
2179 3574
3247 4969
2856 3505
495 3248
3473 4809
2643 4264
393 3325
2380 3165
301 2577
181 456
1953 4113
421 2374
1309 4970
1643 3188
281 2987
3557 3961
1385 2235
116 2466
2331 4489
2896 4291
4315 4905
1094 3046
2389 2557
4671 4913
533 4413
185 3855
3589 3882
1545 2641
71 4721
1607 1811
1146 2644
129 2473
173 1331
196 1406
3445 4725
1409 4132
1549 3441
2241 3643
3264 4826
1748 4077
3947 4910
101 4769
1938 3682
729 801
965 1719
701 3483
2921 4241
2501 4037
3751 4594
2476 3951
163 783
1847 2151
4199 4479
2425 2518
217 1357
669 4486
1845 4326
709 4473
1624 2254
3066 3937
2766 3863
375 4953
2513 4601
756 4153
3452 3906
832 4697
3631 3784
4055 4881
29 4575
2701 3895
3120 4249
4206 4353
1376 3169
2160 3819
2601 3689
2601 4043
641 1865
2729 4716
73 1601
217 2148
1771 3337
476 2675
233 369
1103 4328
2193 3817
3169 4925
1111 4693
1061 1617
2429 3811
133 2195
1636 2411
2236 2290
1133 4943
1353 4626
2017 3993
3462 3627
1569 2873
4493 4943
147 3546
1454 3046
548 834
425 2313
3416 4505
637 4977
3065 4541
1217 1606
1755 1769
7 4329
1241 1535
678 2393
2489 4401
1381 2405
393 2341
3107 4821
2060 2447
529 2323
1341 4869
1399 4626
2544 3881
125 1935
3091 3626
649 2139
2651 2873
2876 3701
2124 2645
1312 1369
70 2188
14 976
2641 3626
1024 4225
293 3425
106 323
3249 4516
1714 3049
139 1667
4187 4829
1097 3025
2317 4447
529 1251
1477 2589
157 2681
221 1305
2951 4120
1569 2431
1287 4741
2471 4781
489 4954
1601 3403
1601 4756
1271 1721
1482 4426
2444 3601
2081 3104
301 3781
2231 2837
1916 2321
2319 4173
2271 2688
811 4546
903 4481
2713 4491
1011 4381
1741 4226
505 3201
3256 3804
1960 4451
431 4997
3696 4800
961 3454
1727 4317
76 2973
1221 2496
2317 4151
2503 4785
997 3553
2578 4285
4072 4709
3058 3071
2516 3528
2297 2339
174 4807
2939 4276
3191 4161
2749 4680
501 4012
2555 3674
849 2330
2522 2954
881 3363
2988 4569
889 1561
1377 4565
2781 3905
913 4811
827 1251
332 2981
97 2033
89 4841
2046 2425
535 2943
2300 4984
2721 3587
1 2253
59 2915
257 3123
1399 1649
905 3976
2361 4901
780 2261
2048 2401
223 4925
157 4451
1746 2683
2157 4615
771 2736
1496 2641
3457 3712
1801 4009
2601 2667
3832 4985
2001 2961
1659 2301
1131 2265
301 3554
1877 4167
725 1131
2166 2305
972 3625
491 2021
1899 3455
2449 4446
2037 2241
573 4609
755 2551
4406 4651
741 4121
1357 3866
857 2794
1681 4621
2469 4301
1771 3382
677 4397
2425 4009
1365 1749
2017 3873
333 3825
2140 2473
4071 4891
4079 4937
1777 1973
521 1511
781 897
707 1546
41 3441
1449 3661
2146 4361
2753 3261
111 4617
2903 4301
689 1997
2313 2441
670 4071
1301 2818
3269 4009
3275 3322
830 4279
281 451
2941 4197
189 3317
1981 3841
829 4701
1923 4686
3489 4540
1663 1801
3739 4761
491 1332
1724 2907
2761 4704
465 1601
1121 1601
2155 2909
1105 2469
810 4209
1051 1601
587 3699
211 2069
1131 4166
1725 2421
1549 2453
2035 2226
73 1316
792 4379
321 1597
2037 4921
3251 3457
158 4421
420 4681
2986 3593
183 4599
753 3911
1121 3701
2081 4183
201 4905
1815 2461
1301 1862
2786 3101
1341 4781
505 2373
609 3051
2889 4455
399 4166
2025 2249
2806 4709
2267 4249
481 2801
2239 2922
2555 2928
833 1201
377 2787
3561 3716
389 4747
4483 4917
3697 4025
2357 4089
550 901
284 2044
539 3260
3796 4313
955 2575
2571 4971
1188 2249
429 4451
2601 2932
276 4166
2037 2159
496 3175
2401 3147
1078 1196
455 3749
633 641
693 3661
709 4656
361 2901
129 1378
2289 4853
1324 1693
1677 3791
765 1836
1906 4683
2353 4053
1321 2153
3031 4838
2570 4436
2998 3033
185 2699
4806 4891
690 1090
295 2002
477 1157
491 2243
2795 2877
2247 2977
3861 4324
2649 3241
955 2829
3571 3664
921 2921
903 2505
129 3451
3813 4401
191 4169
1119 2001
673 2489
697 4376
841 3651
1551 4785
2143 3874
6 2406
1356 4408
1833 4725
1009 4767
2445 4714
4072 4695
4014 4689
866 2193
1378 3953
3809 3834
505 3641
561 2081
2721 3267
50 4841
1063 4195
601 1985
469 4528
3133 3253
1037 1683
2651 2773
1339 4821
1749 3011
1281 4200
1998 2029
993 1074
1353 4851
2581 4905
1193 1497
256 1793
2551 3487
1689 4009
1855 2761
691 2721
111 156
817 3181
197 585
3693 4225
2749 3576
725 3140
836 2751
1482 1580
143 3301
971 2073
2606 3537
1005 2189
569 2401
513 943
1267 2254
266 1609
2501 3706
3001 4837
3645 4373
2501 2977
369 3253
4302 4993
1845 3245
1159 1899
1793 1831
1297 2136
2625 3165
4797 4821
1751 4211
1641 3305
1251 3041
2488 4551
543 791
2690 2789
1870 4486
961 4921
1703 2561
2681 2781
754 999
2449 4863
439 934
1876 2696
3429 4788
353 3659
1816 1849
1589 3011
2481 3321
4713 4841
2481 3005
1769 4521
1001 3397
1401 3383
3473 4399
773 1441
1380 3043
3981 4111
1341 1841
1369 4311
2112 4679
843 3777
1174 2526
721 1681
3225 4089
991 1041
2902 4929
2752 4036
16 1820
3551 3625
1901 4839
573 3585
1193 3239
2777 3233
619 2381
1049 4213
1337 4993
4303 4309
313 2838
1271 2401
3273 3317
367 741
1297 3798
641 4173
2603 4541
1261 4319
2761 3841
291 2931
2800 4769
3747 4195
441 696
361 4751
2088 4114
849 4115
105 2985
1913 3553
829 4137
403 3597
3310 3557
665 3350
321 3099
1937 4241
1150 3761
1765 4649
1816 4694
217 1786
27 4545
911 1587
686 3880
1983 3881
2017 2727
1849 1880
1645 1751
2049 3553
333 2941
1381 2617
2591 4881
1884 4417
2613 3239
2489 4397
2189 4816
1401 4901
1441 2273
3173 3816
833 4721
1985 4641
561 1473
921 3981
1425 3755
660 1945
1321 1657
3249 4719
1717 3326
1975 4061
151 701
487 3275
2007 4953
737 1760
4281 4565
2891 4572
2343 3881
265 933
8 777
2145 2257
2585 3788
11 1539
52 619
1809 2551
1749 3901
71 3386
521 1257
2403 4335
94 3769
328 959
2213 3633
1131 1670
2299 4131
3345 3676
2753 4740
310 1817
1383 1825
1386 1391
323 4017
4121 4778
351 707
2412 4745
781 2857
880 3424
3805 4497
1579 4561
527 1257
1209 4726
1356 4753
777 1849
667 4081
61 2561
1558 3694
3506 4477
1654 2475
49 4426
533 3385
665 3927
1245 1471
743 4212
2741 4005
2601 4161
2533 4003
1019 4411
1961 4079
3911 4191
149 1123
2081 2473
1533 3281
2371 3201
126 1267
1021 4436
3603 4613
3101 3185
1153 3657
3603 4921
1425 4925
351 4761
1276 3613
131 3606
3147 3551
404 2642
261 733
1455 2171
3356 4833
2622 3601
3311 4745
3801 4741
1466 3389
522 3929
441 749
226 3521
531 3041
131 1447
2749 3781
2287 2664
647 2121
737 1377
2266 2491
403 3609
25 2965
368 3071
2461 3041
2693 3648
2994 4713
2618 3737
674 883
190 3396
177 1501
761 3171
436 4876
2597 3407
1789 2549
137 2115
1997 3497
1237 4183
2041 3231
4141 4289
3185 3352
2211 3569
1555 4463
3475 4317
634 3781
1730 4001
1339 4521
3737 4601
3041 3323
2986 3481
3611 4101
201 1873
496 3631
1808 4745
1369 1683
1721 2345
2901 3973
1553 2441
2100 2139
1207 3073
32 3950
401 1875
3817 4591
3151 3533
3324 3950
2489 2628
23 4161
861 3231
361 4665
571 4436
59 1560
103 4001
1409 1631
645 4039
1275 3103
545 4653
2674 4793
2865 2911
641 729
329 2481
4121 4663
1611 3493
2295 3861
637 2203
1521 4401
1041 2689
485 2607
101 1621
1296 4597
946 1749
3281 3293
2921 4209
289 1573
3291 4305
2057 4413
2704 4833
2873 3792
2037 3948
133 2088
1688 4819
1789 1997
229 1911
2782 4997
2376 2596
1575 2173
865 2507
981 1976
1901 3064
326 3421
1225 1631
574 4121
3121 3329
2649 4816
1871 3221
693 4657
1335 2941
1693 4771
3781 4348
2777 3129
1297 2764
324 1347
641 2864
3362 3751
2377 3286
3169 4279
1410 3580
455 3719
594 2227
1813 4453
497 1581
1767 2837
1279 2497
2649 3833
2591 3077
153 2970
3063 3445
2268 2645
1789 4908
1453 1836
2225 4273
2334 4501
859 1841
3893 4873
422 4649
587 4281
881 3831
1276 3207
1824 2004
1711 3637
956 2329
1945 4789
905 1982
1943 2452
1361 1877
711 2499
1513 3384
2154 3228
825 2458
2551 3917
299 745
464 4465
1301 4931
737 1215
1969 2176
688 2195
1857 2493
1631 4849
2155 3389
2674 3637
569 1737
2733 2919
490 1342
1003 3794
1934 3411
1276 2327
1504 3707
2571 2816
796 2216
204 4957
1385 4665
1075 4191
1637 4179
836 4381
1426 2591
3985 4741
1473 1716
833 4581
1186 3957
564 4556
2731 3529
4316 4870
461 3131
830 3562
280 2153
3161 4424
1406 4409
3041 4476
2062 3725
1387 4621
1835 4186
65 73
985 1849
2768 4121
1531 3676
2745 3857
1801 2313
4079 4211
1301 1541
572 609
2441 4346
4590 4646
2089 4823
1683 4916
3733 4561
1839 2653
2841 4434
2497 3841
941 2170
1039 2766
61 2566
2499 2693
4297 4732
1873 4494
3149 4338
2377 4025
1841 2233
2001 4231
771 2057
1961 2950
2944 4561
1353 3243
2361 4519
188 593
1721 4433
1029 3302
4237 4745
950 3425
225 4751
2071 3561
1085 3353
4664 4701
1661 1822
2179 4201
2627 3401
181 1521
442 1241
1981 2391
1681 3829
558 3457
2812 3897
81 1604
3551 4407
967 4177
481 4936
420 2949
1093 4811
974 2401
61 1387
1233 3536
564 2241
2432 2591
419 3437
1161 1546
3603 4908
4729 4841
2033 2803
201 1956
1251 4486
2201 2825
526 2181
2673 4474
2666 3309
793 2473
641 4561
2841 2881
577 4971
2676 3249
1561 3825
10 4665
2079 3301
1034 4151
377 1821
1461 2941
1425 3777
1630 2111
2411 2585
2646 4655
3221 4261
37 3397
176 781
201 1857
3001 4052
957 3241
11 325
1316 3714
2935 4102
1721 4305
1 729
1881 3775
1369 3441
2623 3202
1405 2876
2209 2417
4483 4931
2951 3946
4137 4201
782 2063
57 401
2826 3601
2921 4961
3001 3390
779 1480
1371 2162
398 3889
966 1231
221 238
3999 4075
2418 3165
341 517
951 3941
2789 2841
651 1481
934 4331
2055 2083
370 1455
937 1375
2401 4009
2314 3777
1146 2055
197 3749
2464 4361
1437 2046
2893 3029
37 3318
2385 3314
725 4790
1841 4103
937 2793
3161 3521
3381 4171
865 4489
543 3251
4198 4389
193 2321
41 4089
716 3890
57 3097
2584 2596
2000 3977
233 2851
346 2335
1291 3419
419 1433
2155 3872
1220 4942
1243 4546
1761 4710
2391 4080
175 3321
2955 4027
1848 4246
1761 3833
1965 4735
1596 2789
4422 4621
619 4751
501 3963
3087 4521
397 1861
3909 4261
1637 3451
911 2634
227 2719
2397 4481
1711 4849
2726 2904
1151 4944
32 871
147 3419
23 516
89 1286
856 1101
4001 4329
167 376
1456 4857
2409 4779
221 2532
535 3082
207 1424
2561 4545
1906 4813
2753 2851
961 2757
1569 3053
1506 4100
1873 3355
2477 4709
1701 4469
1357 2191
2995 3898
1123 4651
1493 2052
2721 4221
321 1714
1941 3781
105 281
1417 1665
2241 2591
1241 3212
825 3510
3299 4221
146 4756
1949 3305
1453 4991
2889 4529
253 4181
345 3269
10 3111
1571 4506
2769 3309
2271 3330
2327 4401
2624 3096
1996 3816
967 3727
871 4897
1905 3961
1776 3191
1789 4431
545 3297
529 1835
389 4121
3031 3051
1473 3968
2065 4469
1766 3545
386 4169
109 4419
2281 3081
821 4385
788 4773
3105 3697
533 2476
429 443
1246 4961
701 3661
1827 4265
2889 4456
2915 4209
1065 2697
4437 4846
3617 4257
434 1445
1078 3117
1582 1893
2301 2523
875 1509
465 4761
1941 2320
2677 3261
3505 4489
2561 4129
3876 4175
1737 3775
2331 3126
578 2417
589 3211
1161 4926
51 2814
1806 3286
2457 3613
1993 2009
717 963
3293 4370
2531 3081
3133 3611
2929 3876
151 580
153 3481
966 4332
1870 3478
961 1561
1435 2991
2028 2753
517 4206
1633 2516
65 3561
129 4529
545 4841
601 2111
244 2953
3167 3575
277 2861
1361 4861
1671 2752
965 4673
2941 3777
17 4215
1017 3423
811 2117
2016 3753
525 2945
141 3881
3173 4229
1073 3837
788 4079
2654 4413
1049 3098
621 3638
313 2281
2301 3272
2444 4684
2881 4471
3732 4957
178 3801
881 3883
3199 4489
249 1461
2848 4322
651 3846
478 801
31 2121
720 1036
3589 4916
401 4081
1458 3078
637 4174
1987 3491
1018 3057
1785 3484
1557 2026
3410 3733
2161 4691
1361 4346
1931 2797
4025 4041
2481 4335
691 1897
465 4321
687 1043
561 4792
1744 2077
3629 4713
476 1697
706 3405
1713 3963
183 3967
261 3354
2591 4143
255 4401
2420 3657
949 2921
1315 1866
2713 3726
169 399
849 1971
2943 4451
2471 2801
1421 2392
983 4071
206 1081
1401 2629
1406 3201
729 3677
69 4001
1735 2585
413 3153
4615 4649
529 4737
3989 4839
1933 3389
76 829
2712 3333
235 4378
1997 3621
2001 3957
2875 3597
4776 4809
1913 3206
1281 2221
1443 2601
2496 4022
793 4465
751 841
3549 4481
2061 4021
2072 2461
1193 3421
1760 3852
1941 2028
43 2835
2963 3395
1990 4241
681 2821
732 2877
2377 4121
2501 4065
1583 3526
91 301
1921 3325
3199 4232
1759 2585
4436 4673
3035 3246
1443 3232
501 1821
113 4392
1061 4076
1577 3531
860 4867
2616 3951
4287 4637
1660 4793
376 4651
49 4075
185 4506
135 3821
1721 3721
1 3582
601 2846
3721 4329
749 865
185 4217
3092 4376
1926 4666
33 4291
611 1128
3012 3611
1549 4523
341 2056
4321 4471
3011 4081
2163 4478
2921 4274
2316 4478
4223 4793
901 1302
2221 3402
2076 4050
659 861
992 2821
1261 1433
1821 2885
856 4261
1356 3769
557 4481
1411 4061
3253 3446
2221 2729
2533 3411
351 1596
1320 4133
591 4636
3281 4441
2033 3947
2545 4975
529 2049
762 3672
631 4551
2321 4961
2961 4961
1954 4472
501 4317
881 2247
1105 2881
1001 2545
1609 3409
571 3913
1161 1798
293 4466
1746 3949
1367 4291
1095 1121
1241 1657
3405 3868
1465 4273
69 3666
3961 4097
1363 4441
973 2409
1681 3605
1737 2797
601 3889
368 2707
825 2647
1744 4409
2071 4342
2032 4761
1019 3091
372 1837
981 2649
1436 2513
2389 4697
1693 2797
156 4649
17 4461
877 4490
4616 4803
1091 2233
3199 4982
945 1361
1649 3401
215 4460
3541 4801
480 4445
1051 1867
3267 3489
941 3301
751 3401
1502 3502
1237 1767
451 3801
471 2519
280 409
913 3232
406 1882
3776 4234
3227 3319
137 379
1026 3664
555 3313
3602 4476
321 3145
1801 3231
2486 4296
2214 4121
2291 4931
1573 1911
3392 4471
121 786
1 2376
2301 3575
985 4557
2937 3201
1442 2651
1305 2825
2356 4873
2847 4001
202 3361
634 4384
603 993
2292 4964
2604 4319
1232 1276
1035 4317
193 1763
2385 3869
904 3977
3711 3997
3947 4923
2173 2808
4168 4616
3549 3896
3489 4182
1381 3937
3436 4151
2511 3782
4026 4753
176 2896
2383 4591
124 2381
781 2201
382 1027
1449 4620
1 749
779 2668
1137 2013
1873 2494
1783 1866
2041 3087
209 1231
466 2882
271 3115
1037 3695
2711 2874
401 4513
3281 3455
1621 4081
3786 4145
4149 4341
2196 2784
257 2926
1821 4268
2204 3021
149 3463
2681 2855
1655 1979
1749 3735
285 4196
2203 2386
580 4889
2670 3991
1953 3126
1875 4508
1353 3961
903 1761
3519 4931
3655 4025
54 1671
540 1981
1115 3497
1593 1795
377 4585
503 1673
1417 4049
2769 2979
1999 4931
819 3781
37 2604
1061 1465
1769 1851
1635 2089
2077 2301
208 3785
323 4553
1361 1695
225 4371
2107 2745
1143 4803
369 2107
1501 2236
1329 4837
588 3031
681 4265
1211 2655
3813 4866
3132 4197
1 1377
438 1223
4283 4906
1641 3751
1391 2858
3153 4141
1199 3787
1981 2598
85 1233
801 4733
3121 3494
1008 1941
2938 4336
21 1403
899 2165
985 4326
2125 3251
259 3432
350 3015
531 1846
389 461
1853 2021
521 4142
896 2229
923 4337
1343 2277
670 3193
353 3789
3594 4580
1491 2921
2177 3041
1756 3009
473 2905
301 3559
3001 3778
1945 3793
3593 4843
173 1696
2406 4776
1969 4629
2165 3960
3247 4341
481 4672
3329 3485
1767 3577
913 4251
1881 4277
177 1061
1261 1417
2453 3111
4001 4811
491 1711
315 4577
1101 4657
569 824
2741 4609
741 4665
4257 4801
1233 2537
1224 4073
4181 4343
2393 4021
1921 2881
4214 4349
2257 4919
767 2675
1337 3251
701 2297
3086 4251
1666 2702
163 2815
1091 2068
963 2845
1983 2305
35 1225
273 4352
1847 4097
1953 3361
2525 2589
4539 4621
1933 3261
1132 1782
2607 4175
1129 4201
3321 4957
1713 2192
2292 3177
426 673
3581 3649
961 3703
1961 3122
543 3738
345 4445
1675 4169
1144 2865
65 4985
1901 2191
732 4489
2761 4289
1249 2521
1613 4251
2579 4097
3795 4202
705 1472
117 4329
2002 4141
1481 3573
2226 3603
4086 4961
211 3719
2161 3843
456 3137
394 1385
2245 2275
1131 1332
3177 3593
2153 4777
401 1114
176 3466
512 1769
4177 4573
1771 4641
593 2353
1323 2684
2129 4004
1431 3482
2946 3271
509 2121
701 1786
749 1796
1095 2253
2807 4736
1369 4221
1066 3801
2311 3781
2484 4731
871 1801
633 3600
1881 4814
737 1153
586 2909
1753 4162
817 1201
581 3245
4261 4896
676 2471
287 4625
3839 4221
708 3809
3021 4588
2201 4210
3577 4401
2565 2817
3131 4977
2062 4054
1377 4323
2751 3298
3204 3465
3113 3457
456 4101
2183 2987
1489 2201
3016 4861
4081 4605
305 4661
1939 4651
129 193
218 1577
2054 4127
3 3671
1036 4833
3085 3851
3251 4367
221 1004
897 1929
4139 4211
1249 1845
207 4201
1325 3691
865 2891
374 886
1349 3637
1251 4531
1451 3201
1914 4417
707 3406
2577 4385
1489 3787
1206 3708
2433 3719
2736 3493
1478 2739
2510 2581
881 3713
1433 2325
2967 2983
1741 2585
505 869
241 1640
943 4081
2236 2376
2740 3486
1170 3317
729 4316
753 4909
2127 3985
2201 4889
2089 2569
426 2905
4447 4611
4795 4874
2271 4143
3233 4061
951 2291
201 1321
103 2561
419 2825
640 2265
3170 4711
1651 4127
2559 4276
499 741
1230 2636
641 3265
879 4665
126 2599
643 4860
1820 3713
4385 4730
1165 1833
2583 4239
1906 4641
625 1515
1255 4376
505 1897
2426 4296
2915 4560
353 4057
681 2101
706 2425
557 626
4071 4901
81 4809
1385 3880
690 1599
2125 4831
1651 3697
1809 4261
801 3867
1178 4413
117 289
2681 4187
927 951
1105 3746
949 1626
2553 3501
3546 4361
177 2323
181 1361
716 2529
1861 2416
1271 3801
1509 2581
1509 3317
427 2551
1748 4401
1886 4796
2235 2785
801 4893
3671 4225
251 3709
281 3505
1399 1641
674 2979
2421 3581
1909 3389
375 3673
743 3911
1773 3949
421 4476
252 2221
1456 3977
1509 1846
2801 4841
1351 4411
318 418
1463 1905
635 2721
1631 4351
2273 3302
2986 3191
2245 2870
3401 4069
1769 4001
2476 2857
1406 2447
4413 4834
653 4529
4368 4801
841 2310
656 1001
751 809
138 329
1313 1342
2456 3492
501 3573
289 1987
357 2541
2809 4391
2197 2809
1039 4351
1371 2541
2892 3385
1741 2169
1769 2236
313 1431
1683 3960
3543 4197
2569 2871
1597 2653
231 3661
409 2176
833 1658
3261 4883
441 4641
3449 4511
3109 3853
746 929
1266 4825
2359 2681
1995 2285
859 1080
2389 3076
3609 4851
597 2801
101 251
1147 1910
312 3181
3577 4601
3171 4426
1246 3021
4213 4741
1784 3921
283 4263
161 2536
3053 3355
2578 3300
3338 4169
1221 4101
2129 3441
4104 4364
2155 2845
932 3992
73 4329
530 2129
147 4230
1111 1450
98 2170
1683 2517
201 2388
4236 4836
362 4201
2187 2245
2609 3769
569 2486
3313 3925
2099 2113
257 4274
1 1439
2189 3961
4183 4560
2343 4865
4121 4484
1185 4239
2236 3045
259 3339
1641 3278
827 1081
431 889
511 4242
130 2143
2529 2596
2466 3013
845 2321
1473 2939
662 3529
1185 2399
1821 4241
1025 3756
2961 3411
601 4575
302 2648
439 542
1393 2282
358 2959
1014 1081
1701 2611
1705 4352
1609 3019
1838 2621
1035 3649
2847 4709
1101 2578
2834 4333
4265 4377
4405 4737
2274 2371
2081 3205
4233 4345
526 865
841 1741
3585 3886
2239 4171
3441 4731
1905 4011
273 2321
918 2092
3046 4745
2273 2965
4354 4861
1506 2521
363 3951
2545 4455
2677 3977
2941 4297
1366 1697
2864 3191
271 1244
1994 4833
2063 2791
2755 3433
1038 1419
3485 3867
1021 1885
171 4981
2997 3151
4201 4873
3438 4641
661 1119
2466 4508
3255 3465
2156 4113
4306 4401
2317 3237
1291 4029
3598 4221
437 817
651 3641
841 2999
2321 3676
2967 3848
3697 3777
1 2417
71 397
553 4451
2001 3853
4053 4269
1201 3231
759 2337
2641 3867
2281 4878
1086 3857
1924 2881
381 1961
1993 3231
54 1343
1241 2549
1129 4501
945 2846
4188 4701
2585 3597
2731 3778
2093 4965
349 3066
3097 3787
2497 4986
1243 4001
1087 2145
412 3561
885 945
3439 4985
943 3776
2056 3751
4281 4509
2630 4445
1931 3201
1501 3181
872 2985
1777 2331
645 4156
1287 1721
1737 4849
1265 4701
671 4427
1817 3457
940 2866
507 2727
3747 4833
60 4961
2817 3795
1281 3397
1861 2955
489 2289
511 3429
1156 2591
1251 3475
1015 1897
2436 4531
2076 2649
4024 4873
1176 3194
665 851
701 2081
200 2537
2073 4545
257 1083
3001 3881
1172 2769
1219 3626
177 4609
2801 4839
1353 4397
2051 2925
526 621
2701 3089
1017 3125
1421 1421
15 986
353 2942
295 684
333 2981
1536 3513
297 1655
247 2771
4049 4505
3551 4057
1341 1381
3308 4371
1001 4211
375 4486
361 4031
1641 1849
713 2855
833 3671
2504 2889
3919 4195
1759 4547
2861 3521
1713 4708
289 2952
1166 3536
3701 4276
1137 2145
975 3894
301 4443
2604 3392
309 1552
2117 3347
521 881
4542 4781
599 3598
3861 4001
983 1503
3689 4380
41 4509
1551 3457
989 1869
209 4337
858 3770
1105 4019
1609 3057
251 2132
3117 4861
1601 1669
121 303
563 3921
1557 2379
2541 4273
2941 4126
3152 4805
1410 3721
2681 3145
161 1251
1570 3067
921 3041
1985 3289
1745 4421
2305 4853
101 2145
1497 3616
2335 4341
21 1830
891 1876
831 2251
1036 2859
2374 3519
489 2145
4539 4982
200 1916
2473 4797
369 626
561 965
2281 2443
3879 4066
29 605
1246 1920
1416 2455
1009 3951
1546 4181
516 806
305 2765
1633 4621
2131 4361
164 287
1 2589
4149 4525
1871 3015
3880 4075
1723 2337
1081 3554
2991 4632
496 3399
937 985
2250 2803
356 4081
95 1417
1223 4285
3588 4161
1681 2211
531 3071
1167 3050
707 4833
3209 3691
2857 3601
3439 4409
465 1071
1331 4617
4411 4675
2586 3958
1313 4461
3319 3801
2661 3578
816 3433
1557 2021
721 2579
3203 4022
825 2856
1556 1961
1606 2312
3674 4353
1013 2803
126 1656
681 1648
1282 4069
505 3953
1626 4647
1039 4393
3321 3579
837 1410
2857 4521
1543 3705
3071 4361
31 266
71 3101
3078 4729
324 3027
1721 2086
2523 4854
2653 3970
1273 4335
1449 1624
1701 3597
905 4363
1113 2009
891 2020
1549 2632
2091 2665
1481 4921
145 3895
189 1051
2485 3129
317 1177
361 603
420 4085
1111 2857
1171 4901
1121 3441
542 4081
4453 4619
2075 2549
2885 3329
1081 1951
1315 4021
1772 4155
1901 2535
1651 2826
3693 3905
2131 2334
605 2421
2351 3275
3289 3911
3137 4462
797 981
3021 4751
298 1923
297 3901
169 4729
4335 4996
1141 2576
1734 4733
741 2859
1141 2345
551 641
940 993
51 4226
801 4915
51 4326
1891 2999
2169 2857
2038 4073
561 2425
735 4376
1671 1986
3741 4199
3290 4041
1087 3793
609 1618
1681 2292
2327 3301
2405 2801
371 1954
3293 4514
1227 1985
1805 2415
1308 2462
1361 4921
1729 4236
2896 3059
2365 4084
946 4265
2776 3031
1705 4264
4001 4694
443 3919
301 1928
2293 2469
1651 4275
3059 4111
366 4195
1889 4501
1951 3977
3690 4175
1056 4201
3429 4413
33 4731
3353 3702
921 1185
282 4188
839 851
3208 3599
238 1603
1483 4530
1995 4673
459 1101
337 1639
3386 3501
4617 4762
941 1375
1720 1817
1254 1266
961 3886
3041 3135
396 2877
1234 2606
1651 4033
851 1424
2873 4207
1041 1961
1441 2145
3589 3606
1458 1739
1312 4042
1577 4677
2190 4386
1731 4258
1879 2147
2447 4169
2149 4297
1813 4270
2728 4273
376 3389
865 2126
3961 4369
3683 4825
675 3313
2043 2925
66 1917
2756 3609
1545 2545
2387 3361
574 3265
1829 3937
2401 4013
210 295
376 2425
1441 2145
3932 4299
1171 2401
317 2533
2433 4081
326 1001
2993 3319
1967 3547
1929 2078
1113 1431
2201 4841
3771 4113
581 3411
1597 3885
1436 3096
3289 4835
732 941
878 4667
1609 2901
2471 2688
389 1601
1956 3504
2481 4753
1168 4137
3647 4464
1121 4081
433 3193
649 3321
2633 4823
518 1930
2789 4321
1191 2899
401 3233
2961 4225
906 1896
1762 2881
1501 3305
3961 4573
1151 2145
601 1725
1381 3577
2331 4413
4054 4695
315 4955
529 2121
1153 2297
3017 3409
1045 4826
1907 2209
1785 1896
4719 4761
1057 3041
978 1288
2744 4139
3085 3307
1493 3320
3001 4405
1827 2408
1866 3298
2617 2865
2620 3460
1754 3869
406 3813
2205 4289
4125 4945
2281 3116
3641 4621
3917 4441
1921 3567
1109 3501
4121 4981
1936 3365
227 2836
3569 3982
2216 4539
1355 3725
699 908
2421 3881
391 3145
873 4377
477 1004
2025 2369
2993 4093
56 4251
991 2581
432 3049
813 3833
761 3681
621 1113
421 4922
2227 4933
926 4051
242 4228
1093 2252
1377 3951
2241 3051
81 441
2169 4707
2727 3187
3200 4689
2305 2857
567 4886
3857 4551
2253 4369
465 813
881 1697
3042 4416
775 3134
604 2201
943 2098
2686 4117
1298 3070
1971 3421
2130 4045
2325 3755
2856 4677
1631 3781
2393 4425
2961 4043
889 3157
2498 4503
1001 3601
2276 4561
3457 4073
2913 3445
905 2097
4281 4733
886 4341
3561 3731
513 1577
2168 2838
676 1049
472 2601
1812 4285
2441 4526
4176 4957
1615 3073
2409 4649
2385 3839
113 1953
2625 4236
1217 1703
921 4313
3316 4221
1081 2671
1233 4356
339 4659
610 2616
981 1839
1012 1698
1289 4351
3609 4449
2349 4551
2586 3741
1451 3741
1312 4961
1579 2745
252 3893
2082 3561
2686 3072
1195 1285
2479 4998
701 4329
975 2290
1896 3552
2920 3141
1960 3173
996 1505
2112 3511
471 3425
345 646
817 1697
2561 3067
1172 3041
1569 4641
3281 3977
953 3289
4081 4933
424 2831
2261 4019
2457 3963
1291 4101
701 3587
1201 1526
308 4377
115 1668
2333 2781
1185 2809
1617 3831
1181 3217
1993 4645
517 4153
2706 3165
2386 4782
154 4686
1673 3518
1282 2697
2199 3050
1881 3455
1777 2465
551 3802
1589 2505
2858 4987
1336 4698
815 887
776 3969
751 4985
2321 3461
2433 4397
3105 4481
1463 4221
1317 3801
3301 3650
440 1577
1541 4881
1707 1789
1337 2193
4468 4538
2177 4981
3458 4799
2033 3515
1029 4333
647 2632
586 3281
2445 3345
359 4791
3446 3917
1342 1847
1371 4828
1041 4721
2396 2401
666 1831
1275 4391
1341 2296
761 3981
641 3152
1117 1657
1627 4541
617 3921
971 2889
1118 1769
2313 4025
1038 4543
1361 2646
2581 3601
1101 1553
189 331
1008 1841
1065 1149
1938 3145
559 3126
1161 1761
351 2601
3871 4085
1221 1973
1739 3446
1166 2206
152 2115
369 2751
807 911
1591 4145
2033 4561
43 2286
2906 3141
836 2936
2849 4875
177 521
2186 2437
161 4421
556 1693
285 721
1075 3468
911 3622
561 4161
316 821
1413 3701
246 3093
12 1953
2643 3129
351 4981
693 4086
2433 4969
2467 4607
2186 4630
2081 4301
1177 3598
159 1271
3934 4377
3212 3801
3336 4047
281 2561
2905 3801
715 3374
2503 2867
2105 4362
766 795
1293 3803
565 2641
1089 2489
875 4635
2281 2664
949 2896
646 3041
1527 4381
2108 2466
3196 4843
4666 4985
2500 4433
3640 3692
2897 4355
3651 3863
2621 3351
1376 3378
489 4288
4384 4511
1081 1209
729 2451
1345 2654
341 2164
813 3741
2621 4293
2123 3861
1265 4151
3187 4876
2546 4845
1057 4073
3065 4841
1561 4501
4741 4755
3381 4481
2171 2893
689 1753
1237 2247
851 1431
2563 4868
471 4292
853 2166
933 4051
62 1945
2006 2213
1465 3649
2061 2168
1651 2416
665 2784
3432 3983
562 4999
279 3581
3361 4371
799 3613
1283 2141
444 3585
721 1455
895 2824
141 1525
2265 4449
4249 4451
3591 4519
1173 4113
384 2299
729 2615
2232 3641
797 4329
4166 4777
625 2691
1513 1775
1811 4475
2723 3111
1369 3476
979 3326
1885 4226
1101 4561
1465 4227
1711 3614
1329 3830
1349 2205
3545 4842
1793 2797
2579 3321
2677 3973
321 3712
2101 4125
129 1576
1377 3406
3505 3635
1155 4321
305 1225
976 2428
3838 4737
1101 2678
883 1529
86 1189
736 4417
2238 4801
841 3053
521 4245
2291 2640
941 4441
1185 3620
341 1585
4124 4550
3663 4946
611 2161
781 4601
3351 3971
1409 4256
641 876
571 4141
926 2251
269 3120
2253 4461
681 1913
4555 4841
2600 4631
25 161
301 2187
49 4381
1337 2680
801 3369
364 3945
1405 3405
3595 3701
2501 3762
881 4177
209 921
961 2790
3337 3345
1009 1921
1729 4226
1397 3011
2202 4421
701 3933
1008 2089
355 4474
3221 3705
137 4604
133 218
225 1849
970 3916
1235 4674
227 2659
1270 4131
2737 3748
770 2817
521 4436
967 1325
4565 4655
3535 4966
1720 4961
2096 4711
1477 3406
3619 3972
1503 4721
690 2059
2075 3989
1826 3791
23 4181
2452 3164
3683 4809
