98 97 100
45 35
97 36
63 75
61 55
95 29
50 65
41 60
75 82
43 61
39 90
5 18
27 37
97 7
59 1
8 1
3 21
26 7
71 29
61 51
29 15
93 33
89 7
83 93
3 22
19 15
47 13
14 69
55 43
78 49
98 15
17 37
82 53
67 65
39 41
29 98
59 57
28 29
73 63
21 82
94 10
91 15
93 1
7 61
63 29
78 34
33 1
45 27
42 94
49 3
37 7
27 64
79 39
63 26
46 85
61 93
91 1
62 92
19 25
91 44
55 22
43 41
71 59
19 8
67 5
90 97
88 85
29 86
5 16
74 95
95 63
57 71
50 3
52 31
71 67
41 77
2 43
3 57
79 41
68 83
15 92
95 83
90 3
56 15
6 81
54 23
47 63
59 15
4 51
89 58
80 51
71 60
17 65
65 75
95 68
21 89
57 36
5 50
22 29
85 11
85 55
95 45
42 49
25 1
29 63
8 63
64 69
21 81
47 84
47 3
89 36
43 19
69 39
61 79
13 7
73 87
25 83
2 58
87 25
8 83
37 6
22 45
89 11
67 83
25 2
15 77
27 29
61 97
81 73
49 19
92 73
5 3
55 71
77 58
86 55
43 25
47 59
29 1
29 11
57 55
4 15
34 19
43 65
74 31
84 25
81 29
95 98
73 8
89 59
37 66
8 47
36 53
43 10
57 1
17 93
27 37
13 83
60 76
45 6
85 71
17 50
21 3
79 67
81 92
10 71
85 1
48 63
13 57
8 78
29 13
52 27
29 25
87 1
8 75
77 71
27 35
1 52
34 81
57 89
51 97
83 95
93 39
69 15
1 81
53 93
91 81
85 50
53 69
45 34
33 21
16 65
43 7
10 9
61 38
9 75
84 15
73 29
65 63
