4953 4965 5000
2884 3280
1333 919
1010 2117
4409 3715
1132 3613
4561 296
1916 4316
2968 4121
18 1716
3844 1501
3506 1073
4941 1930
2837 1570
3706 1600
433 2387
277 3819
2641 3772
665 1365
2226 4170
4621 4336
3010 1630
1652 363
4681 893
4579 1926
4087 1426
306 209
3252 2162
2521 948
2332 4220
4591 3438
4343 4109
4457 409
2884 4573
3894 3164
4122 4795
3838 2089
382 3034
380 343
4102 1705
155 4199
4256 3673
244 4108
1275 3251
2014 4524
1708 1036
66 4096
838 3979
2344 3809
331 1261
1584 2683
573 2761
2614 4030
75 1162
2524 4322
2755 3121
4739 2631
3874 554
1478 1061
1561 1528
412 2230
1915 3691
4591 3839
3238 902
41 1690
3043 139
4366 3754
4036 4541
1626 3392
2165 4357
3817 4463
973 2764
3514 4934
361 4251
4364 4729
2383 3730
3043 1625
1277 4752
3245 4122
4400 4862
3207 566
1135 4660
1798 1483
2430 950
1690 1888
2623 104
3553 4235
965 4577
152 3191
1054 4185
2118 1379
2239 3514
126 3951
4096 763
4036 520
859 3700
3067 4381
4363 3799
4862 3802
2635 2502
2637 1858
747 1679
1606 871
2609 2640
4057 631
2432 3147
3675 4035
212 1114
560 1829
103 4138
4585 4047
3422 1756
2776 1221
1769 691
1900 2015
3558 4327
3277 3019
421 2878
4336 1879
1084 2346
3557 2071
943 3641
847 2190
4051 3121
4319 830
4936 2598
2232 4642
3334 547
2718 1314
2055 1474
2140 556
708 4507
4207 2453
142 3706
3214 415
3632 1990
3295 2861
3421 4264
427 1597
2 3934
383 3183
4499 1876
1018 1014
2510 1297
2850 422
4360 4082
3780 216
3549 995
3880 1653
2643 4666
4710 4023
3355 2367
3523 1447
3314 88
2236 4237
3594 1721
1885 1237
727 856
2640 3485
4675 3165
2155 1894
1887 437
4827 3982
3604 3450
2881 4456
4687 2558
1228 4187
2261 2501
4921 2905
512 4656
274 3502
509 19
73 3118
4759 300
3242 2340
3208 920
386 2842
865 1314
4126 1828
814 739
2177 2614
4333 2686
4277 588
373 261
2304 3565
3322 1876
3906 329
4520 937
2767 127
642 1748
4738 2140
1051 109
3244 2803
3160 4879
781 3892
3442 258
3150 43
4123 25
3451 4249
4135 4827
1739 4213
1615 274
1186 4744
4374 4387
184 250
760 1792
348 2018
1075 2065
2366 2096
1088 4145
3112 4399
3888 3670
3001 2045
622 954
1911 3973
3864 1315
3940 380
2638 3506
2683 193
2521 3169
2145 2787
3436 307
3903 761
3154 1602
896 4325
3506 2995
3927 4864
3102 4346
3669 2879
507 4447
937 4279
4534 2406
2386 3950
2541 2564
2608 43
1114 4786
4918 232
2137 1081
2281 4466
2482 747
4723 338
3781 1174
410 445
4552 1479
2508 2083
693 1366
58 259
2800 4072
4207 239
175 4681
1119 2032
1660 1636
4268 1547
426 4798
4480 2034
2800 2759
4846 428
4281 1611
472 141
4921 2173
2671 2870
527 4757
3382 3501
4661 4484
4216 4900
1044 2561
4627 2863
345 2566
3296 4353
2458 274
3332 548
4945 1707
2515 2930
3631 1543
1321 3448
1657 4200
4306 571
2404 2832
2793 2536
3850 220
1626 4827
4818 2698
1384 1785
696 2581
82 3828
1567 781
1617 672
4200 2174
2363 3578
4726 1673
1048 2126
457 1651
3718 3663
3547 2769
1137 3097
3802 1236
3970 4220
4706 4900
1309 2630
3672 2220
2977 745
2165 4697
3145 964
2485 1596
812 1481
1223 4561
1797 2496
753 3451
1405 754
4638 2674
3755 3766
3926 2299
1423 2545
2341 1499
2024 382
4637 4951
2638 1653
1592 3167
3329 664
373 1792
173 3322
378 209
1309 4506
170 4597
3721 4102
761 1646
4642 433
1936 1165
3503 3710
580 3548
4135 2062
537 2210
2662 424
3511 1577
4678 1436
1498 2677
939 4693
2674 3745
4525 2809
40 1298
4047 1199
1673 553
2520 2510
2464 2066
3757 4096
558 1189
3203 2322
2595 3784
508 468
2290 229
559 1182
281 2203
712 4807
3711 4514
3754 1711
1936 4797
4060 1053
1507 2266
4834 1634
677 4006
439 2719
4924 3592
2257 3451
3079 1661
3505 2461
941 1082
4030 2201
577 4902
3310 2488
2814 4334
1363 453
874 2575
835 882
2300 697
7 4219
758 2413
2434 24
1899 1418
2237 3600
4549 242
1935 816
631 3043
4869 3349
2969 835
2166 2336
3981 4412
4915 4171
271 4694
3849 1522
4381 830
1086 3053
3979 2982
3811 303
2750 1679
91 996
3383 71
2995 741
2666 669
2138 265
1199 4684
3904 786
157 2062
1332 3122
3322 1288
3789 1903
2382 3990
3680 4876
1185 1
1538 1710
1763 4012
1612 1284
1141 2603
3462 4683
1452 1417
2683 3426
4882 3077
2597 865
2008 4863
3056 703
2350 473
1466 1888
340 4369
4702 4197
862 617
2082 1079
2279 4888
2095 3365
1872 4030
781 4900
409 1115
2657 3926
2731 4569
4452 2383
476 3538
3601 3595
2985 3937
413 2664
3136 3552
3296 2251
3208 2152
4088 1252
2948 3332
4899 1077
189 2333
3249 4313
3736 4573
1295 280
712 460
3577 612
2659 3418
3769 2887
3469 2758
2068 4261
4108 499
4533 2910
2635 2110
1530 3335
1693 2637
1207 849
1325 2692
1526 2263
3594 4058
2914 2798
1640 2982
40 3691
127 790
361 1798
209 877
160 4045
2023 2137
3912 1504
1370 1714
3379 3435
733 3537
3940 3692
3898 4792
4912 3532
1861 770
994 88
2907 1251
4734 2284
4854 1920
3627 514
4349 674
850 15
1624 3791
1969 4231
4143 4456
4933 4534
2769 1818
4836 1595
1305 4071
1020 3485
1964 631
1932 1933
2071 657
1435 3721
2089 2454
2148 387
901 4489
1581 2458
1723 2965
2003 1599
4573 4500
4672 2357
4435 2959
1099 710
3118 4906
4882 4421
25 184
1099 3947
1129 1640
4486 2350
1042 4321
4877 672
2539 2022
621 3385
3694 3379
514 1940
1411 1037
4589 3610
4464 371
469 3982
3667 892
2831 222
1057 3642
1366 274
2074 2862
2860 3370
1777 4489
1222 260
352 2286
2839 4648
427 1399
55 1914
2932 1834
899 1993
435 1249
172 2209
3034 1015
1104 4396
472 763
257 3091
2326 2395
1704 4317
3221 296
458 2260
2549 4273
3332 3811
787 3670
4627 2707
2791 96
2595 4162
277 3908
2265 4317
850 1377
3337 1856
446 2851
3901 3507
1769 822
3874 299
2449 3581
2794 1624
3126 2559
3250 2877
3094 1092
2605 1855
1690 1444
1414 392
4148 982
877 1800
3534 4029
278 4552
3105 607
2678 4164
1733 3222
2454 1441
1968 421
2783 2073
4486 3316
1349 907
876 493
43 1749
565 4653
4867 1640
1249 3135
4700 2130
612 4765
874 514
4938 4540
4428 4583
1970 3178
4185 1279
3357 962
3465 4303
2584 2458
242 4855
4025 2749
4645 2932
936 1833
1936 4244
2476 2030
3259 241
3052 4539
4423 1672
2713 3421
727 4267
3643 2872
1627 2545
3256 3264
4705 277
745 3135
622 4134
523 2405
2815 705
4612 211
2737 68
1164 127
488 476
4306 3511
91 118
2316 2923
77 2962
641 2149
2818 2922
124 3754
3805 1820
3659 1172
2475 2299
2965 2250
3664 3040
4616 4344
1967 1034
2644 2255
1586 3457
1540 3577
4482 760
2715 4564
3517 4006
1199 3751
1587 3718
4530 2853
2868 500
4125 4035
2542 4881
3768 4072
1132 4693
3856 284
1141 3549
2897 4886
2771 2779
4105 2259
2275 3522
2015 3016
4924 4300
4463 468
4792 4570
4894 3522
1350 449
4471 2326
967 704
4017 1963
432 2458
2666 355
454 4852
4311 3160
637 193
3274 1900
443 2953
587 2854
1951 599
235 1339
4205 4564
241 2624
1132 2935
4414 3757
4882 1682
3219 2367
2484 3264
4474 1886
4759 1516
3363 580
4941 448
1912 4363
4354 3035
364 4096
3243 3379
1980 3772
3847 1444
4792 1505
2305 1843
1677 2080
2383 1975
672 3814
2809 1543
1360 4464
1603 4302
3083 3405
1993 2322
61 1871
1230 759
1674 329
3804 2744
4450 4708
4009 1288
2010 4395
4183 2307
422 3064
2427 4789
3071 4849
2250 1003
970 3445
4334 277
2082 3962
3441 3241
4401 560
932 758
1420 527
1873 3301
1144 4306
4473 208
964 3628
76 4628
2906 812
2568 1984
1312 4396
3553 2265
2666 2107
409 4660
1921 3931
2396 103
2290 3342
1480 859
326 103
4265 786
4586 3970
1713 1699
2122 2743
3172 1582
4687 4531
3980 349
1135 3845
3016 4904
818 328
4732 4747
3433 1681
4355 4728
3528 357
2941 3538
3439 820
4642 1483
321 2823
2707 4804
700 2428
4233 2395
4843 1221
3166 1732
820 280
599 4894
3831 122
4306 1363
4377 2922
4505 383
4211 2041
1186 328
1391 509
491 388
3327 572
2539 3280
4775 2325
3757 2137
2616 119
4402 4148
2156 1516
2668 448
4517 4141
1576 2759
1933 4827
2781 3643
3717 1975
1759 3365
3304 3160
3727 3434
4012 2767
301 4648
4096 2853
151 985
3973 2278
1129 1977
2432 940
1912 3022
1567 910
4792 2005
3424 4427
4612 2448
3799 4402
4588 3165
3997 2263
1754 670
1093 146
1358 25
775 1174
3387 1781
4669 4070
2757 2071
4522 2172
1315 2793
4375 729
381 2120
3622 4727
3037 4904
250 1171
2926 1212
1277 51
308 4447
1089 3005
4332 1487
877 1972
2662 1105
1486 619
2900 2441
2421 4366
3668 421
742 4024
4865 3888
4734 3588
4201 3175
2987 510
1600 1019
1144 2378
2047 3939
2059 141
4522 1447
4622 2453
4528 1895
1378 3673
4321 4047
3230 2491
523 2259
2740 3184
4261 15
2259 3801
150 159
1078 1894
1541 1054
1544 1096
4774 3634
3428 4177
1681 2844
3647 3547
1153 1486
1665 4600
2542 163
4825 3014
862 2198
4239 3706
4247 2512
4483 4322
2887 52
3322 3619
3616 4748
1096 4676
2215 3424
4276 931
333 1495
2194 1015
1192 1307
4828 2737
1901 4939
2359 3585
2683 533
367 4688
3322 4506
316 3078
2612 4564
4297 3969
756 784
3234 181
4946 573
26 2433
516 4549
4804 1303
2793 4927
2124 803
4727 1572
4695 969
1481 3870
4581 2015
3281 785
2053 3546
2521 550
1720 4731
883 138
390 620
4291 597
262 4776
4811 688
280 2839
4459 2794
239 141
4026 414
2302 3055
2056 2770
517 4552
3577 1204
3131 1557
3903 2704
553 2936
558 376
934 272
3457 1294
1234 4582
4513 738
2301 160
3706 3347
2821 2063
3474 1951
385 4806
2329 65
4873 4192
1878 329
4220 1072
1890 3537
2641 3782
1519 1745
446 4888
1349 1837
1521 601
3550 3526
3301 2277
1444 248
2483 1371
1418 4031
248 1274
1374 996
1723 1543
3700 2842
2971 1964
4054 2842
2665 1527
1542 851
3281 1126
2438 4915
3445 1783
2341 4024
4851 4372
4192 2917
3374 83
2566 2265
1969 258
3038 4439
187 3028
386 557
1727 3987
4130 4707
2890 1307
1885 3442
4029 2871
911 4522
2449 4037
2701 4922
427 4687
1204 391
625 2046
4750 3856
223 3287
2617 4177
3277 1684
2836 620
3877 970
255 4312
4723 970
4924 659
1138 4354
4490 40
1084 2562
3035 3549
3202 4260
298 1574
4909 1225
4135 4450
2823 4083
785 3229
3743 568
706 3597
1543 1789
4278 333
1056 4224
1239 3704
2278 3740
2644 913
984 4832
53 4911
4421 1847
1465 1002
4339 4900
640 4239
3476 4807
3364 991
3474 1635
1483 4764
2734 3208
2629 4898
3034 2578
984 4897
2599 867
2977 4041
2693 4330
3676 3859
3049 1451
41 847
118 4022
709 3940
3328 2725
1663 3799
4066 4211
2341 2521
2050 2201
2351 4369
2951 2004
4069 1912
2665 4034
284 1223
1442 363
181 394
3913 2752
705 2316
3568 1699
1054 507
3013 573
1715 996
937 4355
1615 4811
962 2989
376 2593
2890 2616
2653 3439
1060 1564
1108 2237
3829 2033
3446 4909
3723 1451
524 2273
4513 1595
4333 2269
972 3189
819 2107
3111 4765
1468 768
4255 4450
3672 4833
365 92
385 1598
1669 192
864 2306
109 1020
4114 2503
536 4573
2672 2341
4181 3854
172 623
3104 4720
2154 2341
4612 3478
3202 1520
17 1246
3346 2209
4363 3203
3749 163
502 2690
967 4784
1522 2063
4083 3927
4921 3602
716 4408
3396 2824
4447 1597
504 844
241 3160
4777 127
1183 1519
2813 3219
2360 4092
3 846
1080 3949
2484 2280
4009 79
3987 3542
4648 63
2648 1680
3717 2866
1960 2985
3439 4115
4187 2310
403 4084
1213 34
335 2126
1906 4733
70 848
4007 835
2625 4883
1574 267
4423 1443
1318 2230
94 392
2542 1657
2627 4767
4177 2453
3705 3529
3904 76
1366 4354
1931 3225
4676 2710
4149 4496
1810 313
4080 3811
4195 112
3274 1528
3427 1789
4099 1390
2746 364
354 3787
2284 4696
4783 40
3841 950
2326 1207
487 1465
2872 1679
3460 2140
3646 3994
3370 4788
4448 1509
3514 3761
4816 1897
1572 2933
228 4886
4603 2025
449 2605
2604 1639
1042 1158
3679 3985
3919 3346
3153 272
2569 349
2977 1510
1658 2487
4454 310
2692 4691
2484 2544
1620 1006
4013 2845
1912 1154
2686 165
1864 3063
397 1683
1214 2075
170 4030
3823 1177
3304 1147
436 2770
4090 184
4447 2180
55 741
2127 4924
3810 646
2106 2896
1119 478
2402 4489
2201 367
1260 4882
1516 3247
664 65
2551 3577
1716 3975
1681 4915
4407 1131
793 93
841 3186
4045 4551
883 3076
1636 2794
4132 2741
2290 943
214 3585
989 1969
4886 4524
2958 1817
418 4915
371 1083
703 329
18 2110
3530 2796
2580 235
4508 2257
4495 274
4424 1929
1514 2142
1396 2483
1968 4711
4546 1447
2181 4446
2656 2851
256 3433
4771 2233
1271 3731
3715 4567
3188 2604
2823 2767
4951 1134
3130 4570
3151 2086
3524 498
3687 763
4884 4531
2145 1034
4551 1738
1822 729
4027 4639
3845 4588
1129 2190
1293 3151
4421 823
2555 1788
2628 2761
3528 1284
4180 4100
3391 697
2216 208
169 3316
2270 1951
3136 934
2458 3990
2487 991
826 2467
4440 3436
3909 1294
727 607
4414 904
1733 4867
673 2097
4564 4278
1217 4885
2845 1401
2923 1378
1754 2254
3292 1618
1789 1807
682 1025
1111 3537
4606 1445
2785 2654
550 1167
91 1772
748 2165
4053 213
1135 3352
3563 4268
4756 1067
2652 4083
977 1179
3985 1000
4156 1397
2631 1426
424 4375
2457 2234
3514 1558
4713 1330
2788 4876
835 2667
4044 2815
3097 2013
3814 1789
1129 4399
4738 4591
1951 1588
781 3519
3325 3484
2560 3476
36 3199
832 2712
774 1037
1249 498
365 4594
3321 3905
1270 3717
4827 1837
509 1731
642 4200
1162 817
2276 3979
454 250
4311 2719
457 1135
2071 4057
4419 2881
42 823
677 4684
3502 1504
2692 958
244 253
2536 388
455 2332
2596 2306
4935 4732
3943 1250
3790 715
404 10
4854 1660
4250 1587
1144 481
4737 4196
4495 3616
720 3475
12 4568
1375 3124
930 4837
4705 2117
642 3511
1357 2968
4576 1780
769 2133
262 3928
2056 3781
4534 4492
2921 4600
292 703
1717 352
3316 217
3655 3199
3205 793
787 4645
79 4591
2816 3874
755 1906
4162 3724
4278 1015
2432 1627
2161 2758
2873 1192
3323 4515
2711 2238
785 1975
1559 4895
1000 1683
1597 3679
4012 3787
3697 4656
2533 4903
716 1993
1954 4786
1081 1643
4258 4507
2360 2730
3877 3749
4582 2114
1313 280
2535 1258
307 589
3745 912
4234 4687
1033 2365
4278 1509
2541 4186
1319 814
1268 2900
1683 2278
3417 2242
3697 808
1309 1342
2347 2975
4017 1500
4387 3121
4351 1273
183 4153
2696 3385
4783 390
1563 1158
1681 4146
691 1033
4582 3917
196 3814
1795 72
3082 4246
2920 4219
346 2692
2605 86
2574 1825
2520 4267
3613 1291
1 1499
4461 1241
1586 1264
2500 3919
1792 3736
4642 937
217 3700
563 1273
2137 3741
4798 1507
2381 3241
4441 349
2515 1270
3894 1945
4138 4570
2414 3736
3199 1803
2257 2172
3884 3580
2325 3550
2385 3242
1837 2229
739 4343
3800 2981
4555 2214
1188 3943
1779 4542
2670 2744
361 3631
3688 4249
1014 526
4047 3017
682 1540
376 1018
2302 1019
1450 1942
88 3527
1951 1331
841 1417
4032 4002
2059 4624
1451 243
2758 179
4252 2133
1653 3395
3688 687
2536 3342
1441 504
4570 3328
2963 211
3668 553
4798 1379
3586 2861
2719 892
3862 1525
43 2055
878 2116
2239 4680
867 376
1087 4797
2580 919
3606 3331
3953 2837
316 862
592 4354
2143 2708
287 4889
542 4876
826 4105
652 4769
3014 3475
3190 933
2890 4655
55 3141
1630 1558
265 3073
310 3238
3173 1808
4632 4918
514 1
968 1297
3298 3618
4681 2971
100 742
2779 259
3388 1726
1305 76
3773 4417
296 2269
1106 3
2911 3639
2121 1303
1325 2421
1448 4584
2878 4941
3188 2669
2346 3865
1468 456
4226 2715
4648 1021
3660 2050
2293 1444
4007 66
1516 1275
1597 1702
931 3362
2614 1912
3952 391
4513 3656
2977 1390
1399 1120
806 2425
1267 4433
1501 2968
1440 1872
292 3458
275 3716
3121 4203
559 1708
4086 2378
4182 695
592 2068
3075 2345
2374 4240
2218 2779
4549 1275
4514 3052
2898 1381
652 3349
1827 2668
4237 4920
3703 4183
2599 2934
4867 1712
2901 4147
4811 3346
4165 4234
3199 563
16 64
1162 4421
3292 4853
3334 3180
2507 4564
367 3501
4712 3182
2887 222
1003 2692
365 4429
3535 3953
1686 3076
3330 3700
4038 3927
1669 1594
2623 459
2503 1596
2733 4625
4291 1035
4540 1600
1303 328
1750 4165
382 1322
1238 2321
1703 3391
4062 505
2521 3179
338 4117
313 2491
1 3318
1690 3224
2193 2636
3435 3097
3108 2226
4028 2686
92 2692
3134 2078
407 3103
1587 4593
947 465
3133 4702
4889 2748
2611 3227
1717 4682
79 4405
3034 1003
2147 4890
163 1001
3992 11
102 1303
1934 3705
2005 4020
4629 4617
2432 3199
4889 3916
4053 334
983 1558
2701 1954
4291 3286
2415 3855
2032 311
3922 1438
4421 732
628 3091
1069 3859
2630 1222
2539 3007
1731 748
3191 4378
3132 2113
4214 3330
4379 3306
1990 3481
1019 39
4717 480
3859 2796
4850 1895
2311 2460
2752 1241
2912 922
2410 4401
459 2189
3301 328
1747 4845
1015 2683
2161 2566
4237 3389
4192 110
648 1612
3164 1434
1632 4237
829 45
402 1378
175 4118
4405 4361
1906 421
3475 4438
2040 3276
2914 2430
4408 2038
4068 4453
4055 3055
4182 3589
181 1898
2451 1996
3625 1664
3616 10
2600 871
1549 1241
4687 2366
820 4809
3679 611
3136 2240
664 3631
568 1396
1332 4643
4474 443
1854 775
4433 4764
2910 2414
1969 552
4068 1185
4526 1452
2414 4544
2361 2621
1501 4045
493 1108
3043 255
3513 565
2221 3538
1656 2614
3394 4930
2560 2016
2919 1866
1438 1392
2549 1431
397 3204
667 1721
4510 1072
739 885
2025 652
652 1552
4377 724
451 3532
4273 3529
3550 2385
4813 2381
4911 4426
4892 4663
3232 2818
2495 3771
2974 589
1732 1430
576 3043
1016 2783
3173 3002
610 2907
1825 754
148 1973
3955 2960
626 3303
991 532
1543 372
26 2104
1583 4893
247 2861
4556 2041
1150 3799
1848 2488
325 1260
4608 685
3661 4573
2900 1500
1846 565
862 2818
436 1226
4534 676
2236 2302
3850 3730
1546 1078
2479 2056
2783 965
4048 2282
4538 2246
2158 2018
3644 1072
3823 1189
502 3706
3953 1050
2198 2761
1640 1362
3394 76
2065 1780
1643 3472
1817 1180
2432 4395
2875 3844
3085 4780
3321 1134
868 4200
2782 4142
313 4226
3738 2029
1055 4525
2596 501
3016 3067
4070 1771
1569 2076
3442 298
3430 741
3457 4294
75 3577
4459 3958
655 2476
4715 2514
1453 1132
4900 2806
196 1576
3694 4780
269 4419
1540 317
2479 3019
4798 3045
2812 332
972 2487
2085 4933
2421 3148
4522 3934
2335 2906
55 1143
3952 1495
2122 905
4452 1207
404 4447
3290 2443
1714 2946
2371 2939
4207 2629
1715 3275
3805 571
1995 4707
4801 2029
3700 2738
742 1399
481 548
67 668
2743 4547
2111 3700
2874 3152
2483 1745
2887 2527
454 1808
4284 3629
1027 484
834 2145
3070 70
3590 3394
1415 3381
4226 1840
3185 3709
3049 235
3329 2749
3617 1865
3015 1273
3732 955
2630 1027
4148 293
2725 2999
4787 4681
3286 3448
3123 388
4863 2036
3331 1279
3890 300
1060 742
3838 928
1366 3937
3009 1762
2326 3619
2489 106
4065 3526
4933 719
430 3521
3797 4648
1774 959
2858 4006
2660 3722
397 523
2932 2323
698 4447
4018 4
2787 127
4048 1288
1768 150
534 3089
4660 2848
1733 78
1659 2665
2093 1978
2809 155
3622 838
1608 811
2857 1990
2714 2980
4237 382
3229 3176
3227 4487
3148 3874
3478 2657
2944 4044
3264 2899
1293 2609
4094 2675
1176 10
3382 2926
1345 4780
2392 4474
2020 3511
2731 4498
3336 664
3103 2616
1063 2489
4634 2749
4933 4252
2116 2342
4487 4849
2415 2392
1140 3410
4723 3537
4474 2216
1513 3953
4119 799
2287 318
809 3256
4937 1783
3061 4875
110 3201
4863 568
1474 907
4199 628
1921 2150
334 3614
2255 1507
1459 209
154 571
1093 92
2827 1563
4145 1369
406 3202
2055 2333
171 113
4906 2541
3212 1671
2002 3430
4644 3928
2095 811
2640 1348
1551 1135
826 4547
789 2055
2817 235
2581 2013
4021 1906
981 1519
2128 4676
4501 3491
1186 1787
3582 3772
577 75
1489 1591
1663 898
2055 2618
126 4630
3696 4675
1489 4636
2721 721
2845 2577
163 1600
4240 785
3739 3261
1988 3445
2969 2281
4094 1012
1366 1217
1697 1847
934 3402
643 3656
4663 4084
3799 597
2 956
4431 4225
4048 4682
1816 4760
3181 2296
1028 237
109 2286
2071 1627
3916 3985
773 3108
431 2033
2596 1103
270 1984
4933 2686
4399 925
1466 3582
4232 4716
756 2026
2119 22
214 831
556 4785
4382 3472
4874 1645
470 3664
154 2967
1114 4267
3736 4333
4660 806
2539 1858
2097 2883
526 1777
2998 3863
4948 2662
2003 2807
2784 2731
951 896
2151 4754
1734 149
3921 1613
4829 4692
1042 1825
4244 2900
2225 3901
4806 157
636 2989
1166 3235
142 2911
424 3365
826 4539
1807 664
4408 906
976 4573
463 2961
4579 3878
1470 1632
4220 3956
445 4421
4893 3948
3056 3639
880 4792
4489 2380
1726 561
2146 2801
3607 4516
1017 2745
4045 1265
987 3957
1930 1683
4600 2614
1 2497
3215 1660
3797 3628
3507 1495
3348 4474
1132 4795
1544 2115
4147 295
3536 1862
1201 2845
3664 664
2838 2772
1531 55
3334 1468
2089 3049
2854 379
543 636
2726 3570
736 3060
3761 4009
3511 1594
229 612
2536 3655
158 4742
4753 2210
2131 1504
631 4227
518 553
3562 4786
2052 2201
395 4780
474 130
1879 2897
1228 4894
3987 1253
4696 4465
943 2182
1843 562
997 4572
1453 724
2353 3909
437 1172
1186 276
943 3393
4831 3380
4357 4928
3862 1591
4522 1012
1541 3559
4655 4057
3208 3739
4396 4551
630 1845
4352 3838
2393 442
1456 874
4588 2868
212 3899
2494 2373
1615 2080
961 658
883 3819
2757 1330
3509 3498
3543 3069
2131 3121
483 2906
832 1526
3080 1130
4881 2749
3772 4330
1748 2965
3076 4881
4113 4384
2070 4657
4023 1705
3695 2356
2500 1022
3004 3520
4056 2178
3337 3927
4548 4561
1444 3203
463 1753
2068 4543
636 1245
1876 2401
4513 991
4179 440
3889 3446
4549 3875
2926 1971
4035 4015
4820 4460
4927 280
4811 4213
778 1665
2746 1932
2237 2722
4018 1318
1997 860
2950 517
213 2037
4885 4573
3979 793
4003 4671
1865 192
3535 1977
4639 217
3611 4847
1982 4483
2951 3706
942 4837
3579 1678
4364 3705
3584 2817
4366 1287
3183 1910
4023 4316
3137 1564
3211 4170
1266 2597
3463 3964
3580 4919
157 1924
3898 1603
4760 979
1567 1129
3981 3313
172 2068
386 811
3037 3513
115 1854
4905 1153
4317 2173
3997 708
2392 943
4354 4303
1165 1015
3591 1017
247 2910
1200 253
2355 254
1537 4803
1246 193
3952 4725
191 1591
4756 3840
572 118
676 4096
3664 648
434 2401
3859 3042
407 1860
3703 682
4204 2941
2380 3145
3537 3920
471 4777
3163 694
910 3727
4135 4421
3018 4295
4103 2764
512 3481
4694 1891
4952 1661
3923 3124
1540 2795
2601 1906
4114 2255
4153 59
456 1362
2930 4097
4384 4870
3163 3652
4153 3043
2766 2073
3312 4084
1042 1777
3388 1426
4822 2441
725 2347
457 3022
499 3629
2225 4396
1933 4711
2139 3412
3067 2179
3133 1277
3060 2341
1647 2673
1849 823
4048 854
3349 499
3187 383
1807 2835
1045 2566
2213 268
2169 2926
1216 2221
362 1192
3175 3348
3243 2659
4033 693
1084 4068
1095 3921
1652 4720
841 1184
4525 2323
300 4001
3407 4926
381 3249
4376 2730
4927 1958
3711 3009
2689 1381
1610 3514
13 3127
703 4564
4621 3343
716 1522
1448 1340
2121 692
466 824
3434 693
1844 2703
729 367
2968 3449
2202 4558
2437 3934
1393 4942
3487 1696
3497 2997
421 4931
2635 3895
4383 2425
563 1898
1644 3880
1912 1223
1975 4329
2073 1705
450 2200
2997 3134
1387 4525
4468 2035
4177 4002
1002 2138
3283 2641
1624 1672
385 2368
3085 3256
368 2359
4682 251
2920 2319
1450 138
2029 1951
4264 1545
4219 2821
4663 97
4741 2837
40 4065
790 1398
4460 3038
2770 96
1441 4675
3295 41
3452 190
875 1915
4447 202
4555 586
1912 2437
580 1165
2731 1482
2098 1990
4135 1036
880 3898
1249 3292
599 1294
3013 4124
3401 2361
1792 2323
4297 3503
340 2380
1004 2402
4207 993
2015 321
2350 4834
1755 2368
3706 2077
1288 1824
493 3178
2731 901
545 3508
4223 3108
22 588
2770 4834
1340 4689
1216 1686
4637 3416
1168 59
500 1831
2515 3011
3556 1067
223 2266
4030 2597
76 3311
4932 4693
2968 3433
3025 3305
4662 574
3511 3892
4912 3729
3548 4857
1525 3787
1045 1338
944 1916
1600 3785
118 4745
482 3043
3668 3808
1558 844
2687 4146
4921 2677
2425 1738
3883 4510
1318 1996
1816 3678
2960 82
3646 595
3650 1042
2289 3712
4685 2539
4883 859
4572 4943
2046 1270
1180 850
1300 246
3091 3892
698 91
3242 1409
926 2197
3213 480
3676 3042
4247 2897
1380 2287
2523 2392
3628 2235
3909 4340
3869 2809
2154 1381
4898 1782
2227 811
701 3529
4436 3768
3727 1957
3745 4906
689 3499
3475 559
974 4219
649 4240
525 4765
3388 3965
4863 4157
3931 3524
1936 2915
163 1732
1334 1150
4447 3976
4390 3645
139 1861
900 206
2552 3334
2695 1408
1429 4321
4793 3851
3130 4219
1271 2003
1396 4528
27 2368
3433 3773
1518 4590
1927 82
3556 749
4512 3875
200 3733
169 1505
2588 1606
1810 2609
1834 3373
4455 981
2613 1490
996 313
2951 853
766 1597
2164 2520
4935 3484
1242 1015
4534 4482
1933 1207
2693 2091
1393 2257
3823 4757
3342 4291
2553 4096
844 1314
1525 3260
1993 656
1228 1581
1666 1047
3278 2239
3996 1875
3218 339
1769 3574
1045 229
1435 798
993 1409
210 4365
1177 287
217 3472
1699 3148
1291 2972
4621 1116
4595 3064
4870 3862
352 790
479 3118
1939 2454
3758 348
2333 638
1256 4586
3436 1309
193 4702
628 2701
4270 1398
826 4139
2911 388
4003 4823
1541 3463
1262 3054
2506 1392
3307 1896
3631 2947
4130 1213
2823 2320
3557 3115
3911 1705
4624 1636
1183 3769
822 4654
4923 398
925 792
3078 3199
392 2092
4707 1618
3782 1067
4120 3814
2518 121
2815 3800
3201 3430
4577 4138
4852 2808
1978 3061
2406 361
283 3274
4466 442
4649 605
861 15
841 305
950 3849
212 4461
4823 3831
2947 1767
3313 3770
1162 4012
2330 625
3630 4785
3284 853
1925 4906
3004 1477
3152 4373
1792 528
1821 3431
3703 2960
4456 943
4734 4890
301 349
4060 1785
1004 3040
3820 2694
3603 1639
4618 3582
987 2018
2253 2002
1231 2725
2407 696
1747 4594
64 3119
3242 1897
3184 4004
3514 2951
1541 1143
3168 1141
3117 635
1730 4095
4561 411
4130 4192
3733 533
3888 3707
1593 3581
1366 1339
1804 3514
412 1833
1955 1450
3160 935
3631 1801
545 3835
4572 2494
2586 1849
2701 4845
2907 3040
2835 4447
3641 2764
3034 4624
301 2553
2437 367
3241 3472
139 4468
10 2527
2857 1626
1977 1591
4073 4180
3361 2119
3608 910
3028 43
4928 551
3057 535
3764 754
2705 1130
1717 4914
3063 4747
2263 3103
1811 1416
4480 1585
4036 4909
1232 4199
4338 1805
3234 2881
2107 1831
2713 1312
2254 3113
3106 2005
1241 2304
4594 196
4850 808
1223 2245
1921 737
4846 3565
1690 716
2524 3765
814 3316
659 2433
2718 3884
1717 126
3977 4842
1279 3146
1162 1740
3850 3511
727 4720
859 4309
3981 4546
2413 1711
3889 3959
794 1765
911 111
2111 1339
2768 3751
994 559
3520 2739
2104 2068
4273 627
2061 4252
167 3009
711 4792
2964 4119
1493 4948
1389 4339
3497 1730
1395 3140
826 1669
2787 4267
4400 2940
941 3763
2325 2878
3346 4411
374 2431
3206 1375
686 3619
4066 2657
3590 2403
3830 827
1404 3637
4565 1211
484 2563
507 4582
3085 2185
1411 3849
1887 4947
1258 4056
211 1336
1 1795
4578 2302
1445 3052
3396 2317
4681 927
3145 1552
2423 3478
1444 1174
4936 2095
4355 651
3450 3023
1693 619
1525 1743
1840 1795
2663 75
1003 1762
3265 4642
3912 4891
1741 2233
3498 4561
3443 437
3802 4951
34 3940
3039 2173
4465 2681
1276 4175
768 4819
2472 3125
1662 593
355 628
2162 3614
2188 23
1855 4168
3628 1210
187 2688
4851 2767
661 3058
3647 2333
2749 3859
4531 3430
3985 1321
1297 616
1807 2977
2228 3925
3004 2653
3804 1249
3635 2434
1392 2726
3676 963
3678 262
865 586
3814 1693
2584 3541
4057 3259
3484 761
1204 3750
3142 1247
3466 715
272 2336
4907 2810
616 4597
1790 1727
2654 2156
3829 1117
1003 1273
2773 2690
4270 3334
49 4033
4221 3715
4549 2427
2216 3517
3727 4021
4842 1339
1769 2992
991 597
2981 2059
4182 1039
4171 4408
1895 1665
1838 2953
1874 4722
1620 4534
1633 2368
3329 2452
2185 4798
1971 4824
1853 3763
4893 3016
4210 3665
1939 3901
2999 2998
1829 274
2641 3288
2411 457
2164 631
2771 1652
3495 3745
881 3391
4445 2939
27 1812
2736 1184
2804 4912
462 4525
2539 3229
3693 4398
1552 1622
2446 1564
4876 3506
558 2175
2484 400
1062 2392
1043 481
3435 4810
2146 4736
4718 287
2914 3008
1333 3619
622 2461
2965 2819
1582 4669
4586 1995
1960 3539
3079 4397
539 2785
676 375
508 3896
3519 1306
4774 2494
1171 2731
3655 1015
3967 924
2194 292
2668 246
1081 519
670 2686
2464 2524
592 4871
2161 3271
2121 4721
2234 4931
1536 4360
1403 4426
2530 3993
2984 1000
153 4902
462 286
4555 1207
2683 787
287 3620
2560 4314
649 2546
3577 4933
2035 15
1882 406
4006 3617
2140 4342
3526 1591
2518 2520
225 1977
2845 500
2968 346
3273 2623
1642 266
4115 1501
2678 2889
2050 3822
1977 3026
541 2716
604 2434
2284 1375
231 1438
3605 4321
1267 4346
4754 4116
19 3144
1057 2285
4126 249
3860 112
2342 2868
1676 2544
4555 123
2462 3888
3999 663
871 355
4379 3793
282 2793
4507 2060
1366 2455
1288 12
2425 2407
826 1921
3637 353
1792 4584
1014 1666
756 4717
3226 2707
4827 1424
1860 1133
778 832
2339 4337
2893 1082
3874 514
2820 3715
1737 2995
3854 3871
2836 1387
3685 866
1002 2253
3898 673
2242 387
3506 1551
4078 3103
1640 550
2077 632
2652 646
1341 2715
835 2974
1846 4311
3585 4447
3655 4807
2913 3418
3742 2201
3381 3286
4744 1857
2011 1942
4218 3003
4532 1918
776 3249
1312 2248
1561 1398
4239 1534
3645 2827
2200 2654
2905 738
2581 4351
1561 2815
1861 1188
3955 3129
1483 2977
725 4809
1018 964
3890 1459
1511 4761
543 3250
1600 4063
3703 602
2484 4898
1821 2308
1166 872
589 274
161 2573
3085 3685
296 4303
3981 318
820 4633
4142 4088
208 597
2584 4638
1210 2330
311 1040
2056 2058
4026 950
3367 1381
2701 3113
2251 3870
4275 1723
573 992
1016 4855
644 66
4835 1676
1980 4257
1483 607
2202 2380
3131 245
3264 4547
1506 2939
1132 4633
1033 989
3873 2326
946 3520
129 712
3085 1288
4629 3742
551 1501
3260 2975
2164 3635
1483 4863
1768 1756
2821 3427
4240 2866
2026 994
4428 1106
334 3180
4423 1572
2239 3240
4135 514
1168 1969
511 4525
4540 4934
3681 446
114 1184
1852 4624
3409 3343
4627 705
2327 588
2932 2822
3086 2796
1964 2027
4224 2074
1600 4801
3137 1477
778 2185
2327 4922
2625 388
2197 364
3149 2532
3802 4391
3314 2446
3691 1397
3745 3002
1496 4863
3555 4885
3331 4543
179 1120
3283 1565
1627 3679
1516 4651
1 486
4216 1004
4291 452
2656 3345
4596 4550
1279 4148
1452 445
2211 2818
213 3059
3369 3101
4739 4808
1194 4266
251 1387
441 2610
870 2347
3589 4909
36 2284
2316 1444
3671 4677
547 2341
619 4599
1597 572
2047 3082
2078 3417
3862 3562
3547 4096
958 1998
3209 1309
1408 496
2904 1330
4240 1501
2905 2095
1924 747
3494 3981
1804 2830
1153 4239
75 4810
3408 2561
1830 4341
1440 154
3616 4460
3661 723
2503 4786
1567 976
1811 3010
1951 4491
352 1126
3407 4344
280 2354
4539 2625
4606 4462
1176 2427
2840 2232
4066 3178
4897 589
2120 1974
3107 593
4949 3589
4723 850
2900 1085
3059 4000
1584 4531
949 3666
3134 1017
2380 4203
3838 3491
2728 2733
3781 3828
3191 235
1054 2716
719 3897
784 1699
153 773
1343 4374
1453 3848
2175 1945
2419 3337
1201 2657
3232 1456
2215 4606
2611 4327
1022 3295
1706 71
3544 2380
288 1372
4882 268
4948 3238
3543 3891
742 1593
1149 472
4801 15
3739 877
2125 4431
3497 3932
2386 2596
1596 3979
4723 2148
3313 45
24 1621
4895 1395
3862 2631
355 891
3160 4504
3790 1093
3222 4417
606 3796
4268 16
1184 3386
3041 871
740 4393
4555 1633
77 4431
3121 4627
3397 3721
2998 4759
46 114
4038 3128
383 517
3545 739
3635 1139
4932 1132
2887 3739
4319 3325
2441 913
1486 1396
3608 415
1434 3410
2380 1015
2791 4294
2354 3497
131 1684
3601 817
290 4455
1687 2779
2053 3670
832 2734
2091 3691
2342 2409
4618 3291
758 107
769 3364
4139 1130
2322 3056
2344 1279
313 1821
819 1129
3783 3912
4793 3569
4693 2843
4253 1921
1099 4437
491 2083
1492 3239
1356 2029
1 4733
1546 4652
3034 2953
918 3185
3161 3365
1195 2292
1964 3298
1202 1651
1309 2716
943 4029
496 1857
603 4499
850 706
1755 301
4210 1831
3841 3883
1115 1087
1403 3178
4353 1622
2794 4804
3647 4438
3325 2644
4843 3940
1318 3979
4007 4057
1006 1642
2939 3912
3766 3292
811 1195
3586 571
3276 1177
3604 4668
1441 3532
2191 4278
804 14
3816 793
2637 219
2773 2068
2113 3811
796 1027
3145 4699
2065 4344
325 4173
3394 523
2820 2255
3400 3409
417 4658
2119 3165
1462 2653
3016 2080
382 3130
1683 2624
4232 2182
2707 2600
1213 3793
2331 1544
4798 3679
4114 2051
1387 3363
2436 2419
3088 1588
4320 4390
3508 1653
701 868
2494 3179
4046 37
4382 352
3337 805
4005 1132
3199 4662
4749 3586
3050 1207
3995 249
1435 1075
1003 3517
398 1150
3070 2594
4144 2169
1503 170
4006 3077
1077 4278
246 703
3715 2089
409 4553
2318 2267
4405 2244
4341 3877
922 4759
4741 467
3661 4370
1981 2102
1925 965
4564 1638
1090 3821
307 833
3955 2110
2410 2206
2152 94
2887 4355
607 700
3659 2251
4687 2791
4807 3966
4501 535
4915 228
2079 1298
1413 3242
1435 3492
781 3311
3593 1999
880 4023
260 3147
2326 4370
2450 1389
4564 3043
37 712
544 3721
2250 1432
1031 2524
1181 937
4700 2263
1950 341
3186 980
1 1505
1798 3632
2692 2086
122 3615
4396 377
4639 4598
715 4776
1834 3537
4382 4442
1247 2073
2874 4376
4587 924
4592 2440
2780 3133
1144 1177
688 880
1339 1879
1053 1390
38 3402
3049 3429
3825 3546
3175 2791
2904 1459
1511 2521
4669 2834
765 3211
3957 2059
1265 3154
1410 4859
2986 4577
745 4909
4705 3361
4134 579
1024 2311
1080 4188
1587 2533
4270 1145
814 3303
3552 1669
3998 1249
793 840
2090 3509
3793 2609
2277 1328
4680 2446
1679 100
1906 2709
4512 1015
285 1524
3548 4117
2711 878
4896 571
4232 4793
428 256
2476 958
2308 4454
3460 2401
2698 668
1831 3142
4645 610
2107 178
160 1167
4294 4513
2419 4564
1363 809
1703 3354
2263 3706
3579 4846
3190 4630
2881 1724
4044 4801
4174 4691
1834 1063
1250 1833
2674 4145
3018 2835
2527 3931
4828 4504
2222 2387
2608 763
3943 2212
1171 4806
2123 1641
4294 475
2218 3952
4774 4345
4742 3151
302 4312
304 4129
2530 1288
383 1325
3549 1422
89 4752
1870 1873
4556 2365
4837 2314
2935 1124
2512 1861
4330 325
1504 3352
4198 1831
1132 4198
1555 3745
2203 742
4705 1990
2862 4132
4326 4134
3433 3604
1817 2232
589 931
1418 4449
490 4717
2486 1318
4219 1474
456 4588
1210 2173
4348 244
4947 67
2382 4441
1241 2614
3043 271
4399 4400
3700 4312
1184 52
1502 2185
3140 292
3478 2314
352 1540
1582 3942
781 2662
3778 1180
4667 4192
2882 1546
3819 3522
256 3146
3389 2053
358 385
2181 34
4902 1267
2565 4676
1094 4324
1760 4070
4384 1913
272 2883
2065 1778
1660 2276
1684 4680
3313 1807
2461 4684
1985 4520
3654 4506
4447 1831
4354 2512
3385 4947
4668 1474
3607 3491
2122 4684
1274 469
4369 2764
4948 4155
4426 1246
4009 3952
3693 695
4429 2884
3848 3050
3876 4733
1501 4405
2239 3910
2096 681
126 820
1364 3001
4475 298
3747 2646
1885 3086
385 2515
3814 3378
2376 1266
638 685
2299 2821
4018 1384
487 4692
2090 1540
2956 1036
3978 2882
3940 1201
229 1327
4407 912
2258 646
2149 1471
4591 3804
3316 409
346 2194
2254 1303
4326 2185
3119 4450
2224 328
4330 4555
352 3978
1157 2443
22 2541
2659 3748
1271 2427
642 4328
1448 394
4051 3058
1856 13
4909 3943
3370 3780
2215 3587
2111 650
4254 3235
1645 4807
871 2344
371 976
1633 214
653 2608
40 4354
4876 4811
3209 4523
59 2878
4778 4415
3244 4910
3409 27
1663 4304
4057 10
3343 2340
4093 4591
3034 2822
2515 3437
718 90
385 3793
910 3066
843 1233
3049 292
4473 3661
2812 1877
1240 3783
2335 4142
3793 4246
2402 3380
4665 3859
2239 1786
2725 7
1497 1592
4651 3235
314 2109
2995 4311
1376 540
985 4940
1573 4504
1191 2635
66 478
3394 1249
2959 4044
4761 4295
1742 2279
2893 2568
2436 1468
1086 1610
3641 3470
3373 3463
1505 4659
3840 4142
1816 4825
2056 4622
3049 2005
4314 1504
2800 3176
2708 2464
655 831
164 4539
436 4378
2941 3658
3940 4072
3676 1069
2062 1706
1284 4799
2366 1147
3676 4188
2174 4399
2107 502
2134 1519
3904 3736
2886 3721
3575 3724
3140 3010
2848 3282
2380 4284
1924 3203
1813 1009
3127 3691
1798 3269
138 2527
442 2864
4681 2056
201 4748
1590 313
4174 3685
2450 2353
330 2767
609 3522
3856 511
2158 2173
754 1356
3763 2991
4831 4896
2650 952
1287 3816
2036 4174
587 4087
1901 3308
1711 1990
1767 3585
2386 3057
3703 870
1597 1896
4469 83
1093 2024
3004 4395
1059 3979
4164 3480
61 1924
613 4083
717 2890
2236 4131
720 3913
298 2394
1282 1044
2549 4948
3232 4219
46 4621
742 241
3910 4109
3488 3358
1427 1938
3848 4420
4948 220
4819 1036
3763 3106
4917 4081
142 1172
3706 4501
3719 4836
3830 1570
3162 1348
2359 3324
3223 4864
2219 2354
2302 2232
515 4759
161 1641
1780 3913
4948 783
4839 3061
1210 1957
3033 2719
2887 290
1026 3395
3946 3066
4511 251
1205 2709
1353 253
2086 2390
4684 2377
1614 3419
4618 613
1970 1008
3874 3082
1 1828
1197 2632
4647 4447
204 2041
4246 4726
4304 3520
3765 3371
1262 1126
3724 468
2118 2380
2029 1096
3547 1763
635 924
112 1398
358 1390
4844 2899
1120 953
211 1112
2893 4369
909 3235
4056 4447
742 2761
4083 1697
1430 3309
769 1870
1798 4069
1366 4236
1449 369
3966 2913
1717 4046
4570 2928
712 547
4948 2387
735 1033
4136 1639
1285 3193
4799 4255
100 964
3109 4467
2326 1804
4699 4079
522 1448
3388 3557
3962 1093
2461 2379
414 4449
3600 2811
2506 4470
2404 4522
1522 4950
1345 3585
2167 1829
2995 2068
969 4179
2375 4256
4855 2210
3066 3343
3562 4345
997 4544
4732 3595
801 1047
2332 846
3183 4079
3083 4393
4531 1243
345 2695
2692 2000
1142 3961
4135 1777
1081 2029
716 661
3491 269
2234 4556
4192 2505
4289 274
1969 1243
1090 2467
2020 2836
2929 4393
1404 3214
2440 1341
3232 4255
439 4564
255 1465
547 2718
1135 1279
1561 2665
1321 3992
3665 3581
1691 4681
244 1613
1552 979
356 964
854 1054
586 2813
3839 1210
3916 2170
3173 4429
3094 3809
205 2854
1438 1814
3917 3313
1138 4273
2377 208
1114 166
589 2035
2842 4011
4311 2206
4027 1121
351 2911
4333 406
2635 3948
1013 4024
3973 361
4055 1462
888 2154
2516 2865
1891 4858
3049 529
229 1837
176 416
46 2027
1139 3353
3513 3499
4190 4316
4616 790
1946 876
2245 4915
2938 3451
1408 639
220 2146
2294 4371
2889 1825
1102 1425
559 196
2903 3469
1234 1291
4276 1509
2057 1215
2352 1666
3811 2507
1246 4936
1344 4051
1759 1264
3938 4192
4278 3427
4518 4318
945 1342
296 173
4744 1255
700 334
2044 1275
1048 3433
1086 4204
205 4662
4498 277
4162 3652
3571 4684
3869 438
27 1890
4204 2717
4461 2854
37 1040
3564 2457
3321 1642
2675 3608
1497 4678
603 334
2599 4042
4018 3771
1327 4798
430 1901
3577 1059
911 3199
2694 4702
2755 4330
4312 4321
586 4384
4075 1273
707 3955
3940 4179
78 110
3181 1717
1734 430
138 4921
4174 2638
832 1717
784 3667
1126 892
2928 2191
3784 676
4645 3784
3289 2632
2843 3577
4426 2302
1513 859
1769 3940
4484 673
1444 4844
419 3125
2041 64
4363 817
4252 1285
766 1018
386 3808
3155 4014
1124 682
1036 4496
2581 199
3256 937
3503 3813
1448 1669
462 3006
875 4880
1758 763
2647 1929
4033 1106
286 4054
79 754
2845 433
3429 1759
245 3029
4232 2068
3043 2505
4417 3310
2719 4669
4284 223
3235 3508
3289 412
2917 3142
3957 1777
4024 3094
2410 4669
4354 2071
2377 3619
3900 2866
4678 4287
892 3338
28 4929
79 3277
159 2715
1099 265
1442 1991
4097 534
1786 4814
3501 2603
1588 3520
1314 1292
2236 4749
187 3172
4010 534
2263 608
2865 4192
3745 2079
366 1247
4579 1525
4373 1236
373 4615
2626 3398
1132 1882
2671 4031
1309 1235
4072 1161
1729 2356
2500 694
1567 2314
592 1330
3317 2497
4088 4718
18 4652
1609 789
1267 1870
300 1676
3962 2434
3059 193
3043 2019
2241 1879
1466 3004
125 88
516 4132
4040 3592
2016 1639
4351 4045
2557 3058
4824 3251
124 4525
799 577
4663 3822
3430 4067
497 2638
1150 4384
924 3701
2653 2233
1339 562
3715 1899
4490 1951
3520 2611
1159 928
3977 1
4542 4454
4383 577
2778 1228
3893 840
4753 4936
2722 4309
4330 145
4857 3413
388 4021
511 4441
3862 3163
661 3680
1910 2218
1675 319
4497 3159
3792 1927
1735 3627
3465 638
3704 2810
755 1422
1288 4792
794 310
130 4613
2353 1320
4561 3089
4024 4015
2335 945
3926 1615
4659 3178
1961 582
3709 4417
3940 1886
1996 3726
3430 3212
3664 4499
3784 4686
1399 1234
3043 2746
781 4371
482 1910
1045 1711
920 994
4904 2839
3431 2644
3286 1285
2353 4519
253 4024
3056 3247
2812 4064
3516 2863
4687 235
1692 1480
118 2442
3296 3160
700 473
3046 3525
1129 520
4636 4276
2308 1345
4577 3030
1718 1015
4201 1834
3583 2453
59 2265
157 1189
2260 4735
592 2946
2779 3952
4919 2005
1661 1732
329 2468
4096 145
436 3385
3704 1638
4705 1909
1808 4028
1749 2548
3010 2029
286 2135
583 3463
2578 3091
1174 3038
622 147
646 1119
2713 2625
3430 388
739 3660
3307 2501
580 2014
3649 4590
2773 4601
4848 4513
1779 1087
1301 1692
2944 823
1015 3811
2581 1
3238 2452
2764 2353
4675 3106
13 1144
3758 3030
1459 1894
4118 4781
1097 2833
1639 4072
2447 349
3852 1429
3832 2854
2567 4362
1089 34
4858 4443
2280 2944
4471 4024
4086 4101
4175 601
676 3538
757 1463
4840 1549
4436 1729
373 4465
3738 3049
391 4192
1492 4945
1947 1354
3108 4423
1795 226
4636 4486
866 2242
4723 468
1687 4557
3511 4603
730 311
3902 3409
4637 142
4683 1129
1652 4683
712 4603
2296 3785
4651 1924
40 2956
940 3880
4077 3523
2122 2900
1334 758
2494 2006
1948 2367
4800 2152
3526 2185
4024 2949
3065 1816
3979 4290
1355 2907
580 1339
2458 2749
748 4508
3735 3305
1982 2392
1185 2422
4303 1587
3664 1492
3571 3132
3196 1321
4658 935
3712 3871
4447 4247
4476 1557
2836 4027
3418 502
403 2398
25 4066
4798 3849
2920 2907
215 2368
3499 3927
277 4087
2508 2035
1406 4518
4372 1984
3658 3131
686 1178
2152 3808
2387 1473
3807 2362
897 2801
544 4
3138 1172
2679 607
100 4477
1429 3141
4894 2338
3974 400
1096 2826
2226 4545
2383 2704
1420 1317
831 712
997 1677
2100 922
3025 2725
1252 1672
3331 2691
417 2999
1864 297
3654 2178
1256 2437
47 2573
2709 1300
1390 4447
4179 2369
49 1532
2855 2260
1779 1756
2020 2485
3583 2446
1290 3699
1141 4606
3686 2599
3133 617
1382 2313
3539 346
3500 3157
3343 3706
3361 2611
664 3498
3565 4721
4545 2118
3555 1342
3283 12
3836 2918
4642 2713
3718 4498
3036 2856
3166 4528
3673 1180
3478 4783
4124 405
4881 2383
637 3971
1894 3667
416 412
2442 104
64 1601
462 4708
4271 573
4915 3403
2222 1865
679 2918
4831 4239
3244 3970
1370 1260
4270 2354
1507 241
905 3891
517 436
1702 3871
2463 1934
1535 3728
4941 873
3847 353
4723 3739
3196 2561
2738 3973
4069 656
703 3970
1519 2173
4486 4308
2674 3485
1570 514
4822 4562
4603 153
3705 1614
4051 3606
4606 4466
4621 3635
1521 2464
4513 1358
3521 3880
1669 2422
4822 134
1171 1919
2335 1059
2149 4708
2137 4639
3211 2377
3295 3989
4873 877
820 4795
4666 4042
1525 2380
243 4929
4865 311
2338 1732
4876 1540
2198 1873
733 1840
783 3761
1 495
2146 1925
1957 1195
4405 3654
2368 686
1924 4099
4092 4337
690 1318
467 2244
1808 3622
4652 426
4783 2476
3276 2961
4726 2090
3220 3483
4418 2381
4375 3028
4888 4926
880 355
407 3324
1363 4201
4564 1545
628 2521
801 431
77 2965
2017 2436
2842 244
2591 1966
3364 64
2256 2299
3992 1795
4942 3703
3577 76
2566 2800
4517 3410
96 3415
4840 4069
4287 2299
4309 2059
67 4528
1468 1800
4568 4756
1209 979
4690 1340
3646 3352
2350 1006
2154 1980
2450 4744
2972 14
1492 4017
4462 4674
2017 584
2259 915
2201 147
4564 4
666 4106
3118 112
4042 4085
1873 1660
4273 382
262 1284
2710 4396
4165 572
4745 1534
842 224
387 4530
2398 3487
1228 4242
1375 3355
226 4888
3113 4709
1898 395
2692 3581
294 1564
4384 1342
4886 4429
4024 2455
3961 1705
2234 1574
847 2859
2434 4580
2536 532
344 1869
2809 31
2536 4072
364 2892
4055 2899
1195 1081
1680 1717
2875 103
373 2445
4867 4705
2390 617
788 4846
991 4057
4065 3858
2133 269
2344 4762
4069 3564
4035 2365
1981 1831
1366 2143
1868 1426
586 4248
850 3337
1249 1327
4678 3490
888 3043
4876 1867
3683 2848
763 820
4915 3414
2816 3704
3892 3748
3598 4525
4408 3706
3321 1479
2340 1101
1593 1406
3459 694
2602 3607
3625 787
4343 1692
1042 3103
3781 1795
716 3658
781 1240
4486 3907
1649 3031
1459 2053
4187 4519
352 1838
2263 1560
3113 3992
3514 4299
3511 3263
2314 1853
1733 3388
1562 4384
4248 1861
1808 3995
2629 52
2008 4953
4050 2111
1732 4936
3725 3531
1432 3253
3944 967
2491 616
59 1771
4876 474
3898 1782
3094 4639
2707 94
1996 2098
4888 364
3802 3411
4843 1567
4588 3888
4400 63
2743 1701
4681 4039
1614 2638
1645 521
2545 2055
3217 111
3394 4499
774 1190
2536 1615
2136 2092
3750 4018
1189 4636
1951 2377
1744 4282
1601 1158
496 2224
235 1293
4370 1193
4786 4265
3517 522
3340 2227
2320 2776
3618 2597
322 2708
1140 4521
4723 4761
1961 3385
67 1858
1496 4748
1662 4441
4548 3856
1173 3160
2139 763
3210 4057
1585 4511
2641 4655
3427 1969
4066 1924
2886 2
812 4202
4693 3449
563 991
1585 3017
3674 2215
3427 2596
4441 2849
4774 986
1580 781
3225 2692
1390 1669
2710 2439
3275 3340
586 3803
2623 2163
1510 2731
1483 32
1243 3124
514 3576
3700 625
3907 2731
3235 3559
285 2830
4858 3366
2197 2176
2785 2895
3475 1657
3217 3378
2053 3394
2098 549
4030 2094
721 2602
2979 3316
2802 4570
4939 4002
4534 1821
3274 3893
1259 3574
2380 2167
1294 2683
246 2017
337 801
1363 2740
3563 241
1778 4051
726 4529
2983 3422
3325 2828
3049 1730
3829 1693
3624 3528
1087 1282
2084 1846
1711 1782
1677 2809
1747 3085
2992 1178
2614 4656
4366 1880
910 2771
2208 1968
4088 476
430 2347
1143 1324
3279 4657
1210 264
919 807
3722 3427
1874 3745
352 28
2224 57
682 3316
946 399
1615 3112
454 3511
3750 3535
3433 1909
301 2329
1795 1663
311 3368
3308 1174
4779 2813
4631 2170
265 1487
3349 2224
1864 958
4672 1859
1255 2269
1351 2901
751 45
756 3911
28 3606
1483 240
2315 724
4805 2361
1673 4174
4456 4618
2026 1612
1741 1066
1415 4444
2299 939
3840 2874
4392 1915
1759 2827
3512 1053
1664 3049
2341 154
2164 2510
2595 4124
3799 760
2482 4313
5 817
2425 4450
2344 722
3706 3266
3046 3040
610 3221
769 471
465 1
2037 127
2341 3691
3487 2944
3210 2962
664 3667
2171 4834
3719 3811
2545 595
2497 3984
3699 706
3538 3734
3940 3707
825 3329
430 568
293 2282
4573 4481
4120 3164
1260 1585
3839 2660
830 2302
3616 3273
3745 2843
3502 4423
1832 1968
2401 2980
1174 83
1195 3430
2952 508
3307 1231
4118 1666
4016 1483
4155 1676
3778 4156
815 4632
3499 4546
246 2861
2933 2516
904 3126
4641 4393
3871 255
3466 2032
664 3372
3178 2621
2641 3841
3253 1926
469 2104
2276 2255
1657 4777
906 508
2917 1259
3748 2332
2464 2743
343 2781
3431 3627
508 751
3116 274
199 2722
1372 1971
988 3310
107 1954
961 4381
832 2545
1657 807
2739 2531
4515 2308
3796 67
1711 1588
2937 4924
1763 177
4876 3381
2560 763
1694 1999
2976 2185
4391 1201
2815 2611
3789 3397
3729 509
2914 729
4893 4031
4489 865
2010 388
2035 1590
3725 4653
3770 1037
2147 3355
2812 4282
2212 3770
2179 1487
1159 1222
4181 3472
1411 1512
3958 3824
270 2087
2139 772
1016 1524
1156 4165
2536 140
4576 4089
2536 3853
1078 1858
4591 2922
565 4811
2705 4948
3124 4225
4180 4203
437 4460
193 4066
3356 4042
690 3359
4912 1778
2578 2997
1434 4648
4356 1793
3030 4941
3481 1840
2902 3184
3735 2425
2260 1229
937 663
2249 1506
851 2089
2623 2670
1138 1324
556 1612
3570 94
2005 3022
232 2061
4531 2436
2965 4154
1300 4690
2842 1770
2209 4635
1288 4221
1522 4639
4498 474
923 4753
2542 4122
635 3766
1311 3472
3443 112
2551 3168
2749 3838
2128 1207
1069 3958
4392 2392
821 3473
3316 3836
3979 1666
2608 3635
349 4259
2173 4909
1801 1393
2731 3564
3866 4723
4714 1867
1166 1390
4857 1027
4141 485
3784 4288
2471 3128
1537 4238
1438 3819
2142 2325
2525 3023
664 2044
2728 2094
3490 411
2393 1390
3700 1207
4585 386
344 891
4822 2206
1883 2957
2536 628
1626 2588
2320 3667
4447 4424
1468 3667
1500 4192
1829 1390
1210 4742
593 2049
1865 2920
3598 1555
443 3429
4855 2216
1334 4873
262 4651
2325 2278
4243 213
2723 1829
2578 3049
1071 1005
1669 1210
2680 2718
4659 584
4786 1953
1161 1
4495 271
3141 505
2899 368
3448 1177
4018 4144
4739 1339
3609 4531
455 255
3373 3442
3475 4927
2370 758
2020 2070
274 481
2884 30
94 1564
1582 2668
3826 4282
460 318
376 4069
4704 387
635 1717
1582 2521
2248 220
430 154
3508 4825
2550 1422
1693 3133
4812 644
4825 2619
1531 2309
3978 178
1661 4642
76 4390
2823 4845
948 1984
4239 956
4483 2404
3763 3940
184 1564
1494 815
4483 2974
937 3994
1648 2422
2395 4460
3405 876
3523 1906
4912 1464
723 3748
4759 295
2479 4591
3643 1642
1431 466
475 2816
1759 40
2020 1740
4077 3927
1782 2517
1377 2075
3758 3695
1571 3648
245 2267
718 729
2416 2617
3817 2554
2130 1755
1813 1079
937 4039
3629 507
324 3949
4755 2527
2902 2085
828 4370
3045 4476
2962 3735
2053 4947
3485 1636
3849 4690
3694 4432
3640 3429
3724 86
2530 1914
3361 2838
1648 4515
2191 1681
1852 4327
1216 3706
2359 572
1262 940
2981 136
985 2710
4924 955
649 761
3019 2141
2988 4288
2782 2203
4296 280
2862 2813
4773 2421
158 4301
586 540
762 4844
736 778
1466 3133
2479 492
1754 3199
231 1181
2957 4422
4264 3277
615 3457
2366 1663
4153 1799
3004 3533
2464 521
3016 4304
1445 1408
391 3160
4339 1082
2527 112
2798 2785
66 3836
1834 3619
3460 3194
3149 4272
3886 625
4138 304
2370 4239
917 2665
1334 2215
2520 1729
4467 2383
459 1341
1873 2009
313 4920
2964 877
532 3046
2600 1463
2154 3797
3373 3591
3370 3889
1528 1801
610 1278
1225 3602
1441 1327
1612 841
2053 3207
3137 985
2489 890
1431 495
418 3236
3715 2773
4483 2923
1243 2756
1624 2116
190 838
2466 916
4070 2986
3625 1648
1112 2769
3080 3052
466 3340
2721 4057
1002 268
3223 4450
4307 3463
3667 3188
213 40
1600 4591
4084 3685
1821 250
351 883
4777 3799
1531 934
877 1408
3703 1595
1982 479
1468 2100
4780 2004
3123 4858
625 3917
787 329
2422 3953
2146 2770
4819 3796
1993 1015
3727 4496
2167 4000
4102 4837
4525 2369
530 2554
4283 3673
3313 3475
3098 2643
2049 4555
4708 3109
1958 3775
1078 2445
265 4788
3604 2299
1406 4312
2128 3232
3718 3183
1613 1994
2059 857
1849 1894
3238 2613
2216 1169
3031 2194
2477 4502
4498 940
2323 23
547 4476
487 4324
183 786
2614 1234
4213 211
2694 2764
3315 818
247 124
2612 1144
3007 4073
3751 2107
4591 4700
4497 2611
732 1525
2686 3747
4630 4434
434 1589
4449 107
1699 520
2777 196
569 3919
4321 4483
3697 142
2313 2539
2002 3736
2202 3937
999 4651
1779 1171
2152 1831
1454 63
373 441
1653 3888
4145 3346
540 1828
4687 867
4615 976
3217 3768
2104 2722
677 3700
2211 4264
1756 252
104 1456
3588 4245
3782 1089
1936 3004
1702 1677
1530 469
897 334
2955 3734
1132 3788
4871 639
2425 3604
2650 872
4888 1940
3084 1117
292 3150
4323 2268
4100 1362
3129 3214
1003 4819
421 180
4384 58
1076 850
4894 2604
1692 3221
4472 3580
4344 4615
3415 4668
628 4356
3287 3745
310 4399
1852 4617
3304 202
2584 412
1981 4218
1108 187
3937 538
3197 4824
977 4623
2930 2348
2083 2839
2830 662
2876 1943
2510 1162
4440 1045
1220 3369
919 1726
1864 2438
157 372
4402 853
853 988
3771 2644
1223 209
4951 1594
1834 2220
2730 4032
2901 1909
3913 1498
1186 3966
4681 778
312 4453
910 4837
1195 1894
542 457
3862 3518
4198 4843
4483 2179
1444 42
175 4519
271 3466
466 1043
727 287
3118 1141
1065 139
78 994
273 1058
3427 2288
3855 1984
1652 3013
2762 3999
1996 2749
3958 1840
3863 421
3459 4376
3023 1532
3267 3345
128 4785
1899 1807
4450 3331
2839 3403
1525 2674
1969 3195
3186 965
1765 2723
3335 2380
2194 2883
1468 2211
3043 645
947 2588
4915 1840
4737 3457
1130 2935
4006 4138
1458 681
3841 637
1933 593
4607 1291
1621 2097
2237 2485
295 2653
2109 1
3619 1587
708 646
4792 4390
394 4537
4372 4338
3484 1492
2842 135
2453 1600
1708 4446
1278 3441
315 4267
1240 3379
375 4117
2707 751
2077 3114
3986 3341
4194 4274
1492 2533
710 4018
2527 896
4523 1909
436 38
3284 4319
4594 3792
3971 2595
2456 1419
4573 3420
4245 3409
3784 2604
3511 2485
2164 3107
4393 2200
3734 3985
799 1032
1762 3173
4291 4313
1456 824
1246 3837
3853 3727
433 3706
4747 3017
1158 958
1365 4560
4717 1010
691 4908
652 4804
526 1578
3127 2955
4606 3985
4881 2005
4349 2587
3340 2045
2180 4555
3156 4837
2280 2434
1882 1143
2890 1352
3750 1258
3241 1873
3628 743
1171 4610
1761 128
1183 348
1570 877
3049 1268
4714 1297
1817 4327
2144 625
3994 1933
172 4525
4548 2558
653 4330
3876 4081
2959 3588
4746 4182
1905 3664
2146 408
1264 1075
2059 3940
1402 4312
3724 395
2287 1255
3946 841
1369 852
952 3262
2975 2631
3216 2634
4888 3978
4253 3799
389 3442
382 611
2798 4083
1966 1982
2057 3730
892 2552
3192 3121
4430 3321
688 1105
2082 961
685 3862
1990 1923
2781 1711
313 2768
3184 4629
1665 4938
2949 2447
1071 30
1317 3853
2094 759
1719 2944
2131 4819
4534 4318
3573 1727
1288 1642
4444 1918
889 581
4432 1780
3706 3304
3108 1523
2053 2675
4774 1201
3150 1417
24 2119
2400 1436
722 247
4472 3776
2392 711
1221 1174
4568 2976
4297 3326
151 433
3429 1141
1296 2347
4342 2872
2755 1514
1903 439
3222 4549
2883 3415
2008 3344
442 4174
298 4577
592 4600
2159 2362
572 382
921 1225
981 2224
1569 182
1411 1408
4827 1880
3115 3838
86 4705
1529 870
2965 3361
802 1750
2842 2745
1795 4045
3663 4654
4046 4202
1236 4715
1570 2547
224 166
486 4045
4074 364
636 3170
4369 1899
283 4573
3547 2156
4318 2626
1318 537
2734 2475
2878 2710
1171 996
690 3396
2574 1572
1867 3668
4848 174
648 3697
4721 3949
3073 244
3706 4856
1042 178
695 1138
124 3854
4291 1681
2314 1309
2470 3163
1810 3985
1283 2698
1158 4249
771 2710
1093 3511
1198 1861
2090 3014
1246 4525
2077 3106
1681 2476
2668 3833
31 3731
222 961
4063 1968
4507 4453
421 148
4638 4723
1776 2017
4573 4369
3082 3462
2773 695
2794 4584
4120 4209
1588 1241
3637 309
883 2455
4826 700
2377 2419
1249 4646
1808 715
2309 2497
2584 1273
4492 810
949 1393
3938 3297
4171 230
3591 1785
3118 4114
3136 3958
4882 3112
3064 4718
3380 3466
1930 4203
751 301
1883 4135
3720 4652
1035 4738
2470 2680
3943 1404
3245 3547
2405 159
3628 2696
295 1884
509 4225
3717 1843
4694 269
3175 4020
273 4096
104 1934
1282 3352
3961 2876
20 2401
633 1295
1158 724
4900 4363
2992 580
1687 4896
3663 4269
4943 846
4747 1931
3487 4721
1884 4245
4225 3018
2041 4162
612 4358
403 3307
4674 4150
4367 2464
4604 1212
1563 2133
2081 2029
4772 2690
4784 143
115 4352
1180 4097
77 4359
3053 3277
4793 455
3817 2434
1990 1687
3907 805
1678 476
2392 3663
3348 1041
1737 3473
3579 1935
1004 4499
1858 3388
733 4102
4454 1333
3082 970
128 4421
2370 2320
3969 3206
4137 958
4492 4433
2453 3147
3676 2722
1733 3118
937 1219
1323 382
1967 4255
196 2233
194 3348
1153 3406
2839 1281
3694 2195
2200 4690
2660 665
3121 4772
595 4438
2356 3250
4147 2159
3746 916
2821 3901
3974 1925
3538 3698
3259 904
2179 2696
2656 3204
4304 1610
3582 2420
1651 4345
261 4735
4564 2431
3193 799
4222 1249
1438 100
1978 3826
814 2363
4691 2197
3913 3303
2204 989
4426 4713
2712 3697
3587 808
4738 2452
1862 3887
4095 3405
339 3396
767 3232
3745 823
3205 1950
665 3158
1774 4613
4747 3439
735 4198
433 4210
4208 936
4147 2818
85 3566
4525 4953
1064 3580
2212 4774
1210 383
4200 3994
2356 1561
1841 2521
4225 4121
2015 737
3661 226
4543 190
407 453
3238 4134
3854 3732
3081 1378
1990 3781
3173 3589
946 3137
1737 4267
998 7
3957 413
387 3693
1588 3697
87 3472
339 1597
3188 4187
331 91
3658 2185
2044 342
3718 2333
1591 430
3379 3850
1174 4675
3587 937
4564 1363
2172 772
490 3751
676 1108
3042 4669
1077 2587
361 69
1243 27
2842 3259
146 3604
2212 1541
3498 694
970 2128
184 519
943 4234
1000 2507
2701 151
783 1770
913 1393
2905 4676
2998 1432
901 1414
3938 2385
3466 132
2764 1142
154 4696
4703 2354
4576 2072
2680 94
1981 4811
4789 1927
3840 709
795 2881
4324 877
876 3942
1606 2400
355 3222
834 1422
72 3698
1407 3281
3894 1574
182 4153
2575 2230
4109 1436
4882 754
3943 1073
274 1792
4890 1141
910 3391
2167 1901
4187 3559
2743 2420
4330 1366
1340 109
2140 2233
4006 625
2491 901
1878 4602
2458 2299
1969 4929
427 1786
3436 2933
897 3634
1861 1282
1869 1882
662 2936
1795 2659
515 562
283 3425
4609 1843
2222 1915
838 1396
1583 2538
2796 4877
1363 2376
4867 3647
4060 3583
2701 716
2427 3491
2659 1539
1265 1990
692 2835
1069 3202
4153 755
2079 3982
4824 2889
1658 1330
764 4317
2111 3055
4737 4594
1786 3052
303 495
3659 3867
3031 1483
1855 4174
2185 547
3754 2902
4391 3632
658 750
1471 1091
1651 1129
1266 2290
4348 304
1360 4006
2086 772
3713 4357
1861 1744
4426 4423
406 794
1371 2098
2731 2493
641 1972
4340 2366
2094 604
802 3424
3589 440
2788 634
4015 3116
3952 2229
385 1377
1444 4248
1623 463
3839 3322
2026 2976
2800 3463
2768 4174
1133 3275
2536 1964
2718 2668
3481 1274
710 4573
4110 3058
2855 1372
3949 736
3576 94
869 3186
3811 3932
3518 2821
2618 3931
975 3065
4382 3777
2876 1220
4239 3781
2359 1580
2571 1382
1567 4843
1276 196
377 1225
2527 3088
3724 2269
4804 185
583 170
46 4444
3855 1075
437 47
3358 391
980 2006
3574 280
637 406
1430 4729
2893 3133
3950 4013
688 3436
4006 4261
4084 4072
4372 3251
3108 1858
1015 712
2867 3967
4291 745
2318 1271
2896 2033
3270 4782
3775 4697
4474 361
1017 4161
3502 3893
2071 400
1017 4103
82 3513
97 4882
1927 2681
112 2217
3238 799
3130 865
46 2453
1798 4474
2999 354
1100 1083
2156 3325
4356 4488
1270 1753
2003 4446
483 3841
55 1118
2299 1345
1057 558
2194 4150
2383 2833
157 599
2845 1140
1913 3967
2972 2236
3171 1443
2310 1948
4138 2512
4768 2673
2316 1105
2477 3532
2796 3128
4648 1852
2167 898
851 331
1049 1660
3494 2538
3144 2436
1177 426
4669 1575
3037 958
1642 2313
959 789
514 2380
126 1519
2851 1546
1368 3820
4056 3746
3368 2814
1813 873
4660 2709
2332 4056
40 682
3539 1541
4807 910
1294 2695
2648 2533
1330 3255
2718 4287
3527 427
694 3750
4414 1604
1866 4915
4231 2575
1072 1384
156 3095
4540 4215
2462 715
4666 658
402 3117
3790 556
1207 1860
2469 743
4729 326
2984 3954
4889 1421
2434 4597
4138 3150
1282 1334
628 3424
4181 726
2839 2680
3671 3641
807 3207
3401 1991
4264 2767
174 1740
2466 3994
1936 1660
3247 1417
4458 4271
4531 2059
4826 4205
3280 2174
3723 4674
3922 4225
2383 4046
2474 2486
4554 4785
459 4132
4204 2800
495 166
3446 4356
3214 2851
2682 2044
3305 1444
3842 3942
4939 1135
1705 4866
3907 2291
2311 1972
748 1978
2780 527
3404 667
3088 2553
652 4762
3534 3560
1867 832
2653 3781
4270 1261
3157 13
1292 2365
1136 3980
469 1745
1037 4886
3096 1954
1348 3340
2335 19
3040 3556
4348 343
3306 818
3147 145
3631 3347
199 425
3244 1117
1953 4792
3823 4256
1506 1154
904 2473
4028 1258
2781 448
361 1759
4276 3647
4411 1144
433 76
4452 3557
971 4484
973 4535
2644 2845
3295 2409
1690 2683
1674 1339
2459 4084
1639 4551
4507 129
784 3730
4534 4543
1257 4700
907 1670
3758 2806
1288 3599
830 4168
2175 3595
3256 768
769 3742
1335 1186
2905 2795
3653 3120
4840 463
1002 1729
1337 1394
3169 1120
2207 3484
1174 2301
2839 847
3142 2800
3422 2992
1331 628
2290 3082
4003 1492
1951 70
1783 4025
2734 742
92 2953
217 3361
1972 2783
3487 742
3715 2908
4632 1116
1954 1648
1924 3329
2918 2666
4279 4612
193 1708
1717 3017
3769 3979
4674 304
4708 313
376 4483
3252 3292
3222 2522
2392 4684
1747 1591
1708 3712
1624 3918
3019 1714
3907 3049
2016 3409
763 4876
3826 3133
976 2238
3478 1330
2365 1307
4893 2233
1841 1688
2380 3999
2089 2264
3955 4241
3476 4823
983 445
2263 4682
16 4580
2521 4123
2742 3015
4932 1705
1532 3373
2130 1534
113 865
2822 2125
4924 1732
4113 1012
3615 2491
4120 2518
2969 1321
664 2650
250 4071
2763 3264
3196 1009
4462 3358
1313 3406
2532 1685
4408 1273
1397 1735
945 1923
3256 1637
3465 4771
4889 2914
147 3189
1108 1037
2377 1990
1906 2981
2963 4174
3509 2716
910 275
3163 3740
864 3191
2156 76
205 1249
868 4222
2398 4111
1429 232
3541 1095
3567 4876
2993 529
666 1305
676 1399
3865 2905
3091 2388
4172 1414
3901 461
1921 3027
3867 4168
1041 3424
1401 56
4828 2542
4375 4285
391 4907
4093 4478
3329 2612
2617 3356
1470 735
385 4525
1233 4200
1155 4208
573 296
3421 3696
4492 3478
1395 2421
308 1906
2185 3305
2056 1571
3830 4144
749 561
1056 3739
917 1525
1507 3687
3637 553
4409 4407
2599 106
4920 4289
455 4280
1990 2062
2822 2285
2432 4196
2152 3568
3006 415
29 1186
4387 4885
387 951
706 1945
4564 3667
2403 2445
4720 2791
1985 2100
1443 473
3580 3645
4148 415
2871 4339
2460 2950
2871 3626
2398 3055
1747 4377
22 43
2717 2517
2065 4465
2548 4627
1258 3407
1064 4772
639 13
3757 3215
3378 121
4234 4360
3813 2746
1379 295
876 218
4636 2265
4858 950
1130 3795
91 173
4465 2082
4318 3048
1118 1106
2035 3148
451 1782
3355 4088
2989 3092
1348 946
222 185
4399 3008
447 1898
2815 343
550 3721
2174 955
4356 2459
2774 2812
3493 2366
4742 1396
3017 402
3886 1305
463 2224
2991 1165
4603 3802
488 4762
4294 1706
4777 2903
3826 4372
2077 4743
310 1075
3271 4458
3818 1416
3419 2164
956 3222
3715 4896
4090 4828
1964 676
2074 3823
1960 1906
1516 974
2367 1192
1016 342
4294 648
430 1545
4951 3436
3427 2561
2587 2936
3880 1623
995 2737
2698 4771
4632 283
2717 3895
3029 1951
2107 834
4799 508
847 3420
1324 2721
3368 1792
1705 430
972 4294
1376 3181
1643 3589
4749 2931
2926 1099
1808 3645
4667 3538
586 4115
1210 3412
1492 1940
4187 3709
2267 2071
70 4021
2215 952
2818 2485
3697 4473
1110 139
36 3202
3394 4201
120 1195
2284 2326
5 838
2585 1321
1385 296
4071 1108
133 4425
3611 1383
1308 2089
703 3031
1458 1250
1457 2752
2604 4441
21 892
1444 2848
4695 3139
2762 97
4438 895
706 904
1486 4877
2740 2083
3290 4044
4798 4813
4135 388
4947 3317
976 2523
4047 252
4669 1164
3900 11
4857 2659
3847 4681
3050 4807
41 3139
1654 1591
2722 1557
901 4023
4780 3475
1561 2598
1304 514
3391 4517
4840 4249
2296 1
2347 1628
178 2428
2437 3745
2624 4609
1210 4811
1288 1129
2219 974
1857 4520
2547 2386
2539 927
2197 2938
1381 4720
895 1120
790 4727
1478 3283
4689 2563
4780 3596
4444 3125
2218 2344
3334 4282
1451 967
4524 2965
2225 2226
3857 3160
519 4
2614 2233
4042 682
4086 1879
16 1626
2500 646
4342 1744
685 482
4486 1384
3119 1739
3523 3858
3505 4078
501 4152
1004 1699
1665 2413
481 3343
1928 4748
1912 2029
3084 1444
3548 46
3004 3961
625 484
4940 20
4705 2550
4203 4226
2653 2836
4573 3628
1948 4525
2435 1390
3238 1405
4552 387
3351 250
4894 261
1578 1387
4941 4488
3412 1571
2356 3177
617 3647
4822 3943
3166 2863
2150 1016
1123 3235
4466 3190
202 2909
1569 4354
1858 4389
2812 1136
387 154
4057 3629
2314 2719
2059 4369
2287 4780
844 3880
85 1638
3122 3450
3030 4408
2180 4918
435 547
4460 2265
2066 2223
3154 4825
2701 3712
2807 3673
3669 823
1085 199
1389 2305
4288 2493
1269 1306
2131 2458
4821 1899
4489 4876
916 4511
2035 1406
2632 1801
378 4006
154 1588
1822 3639
3166 3732
2817 4605
2586 2133
313 474
3243 3695
2308 2621
3049 2055
2812 1575
3763 354
34 2738
2158 3745
1819 2536
4134 3658
703 3727
804 4595
1933 4266
1669 2542
1170 1609
4336 13
3868 1798
36 3375
742 1652
1537 1947
1122 4603
100 2588
4471 1873
2926 83
1933 3124
2191 3271
304 577
302 2608
2110 273
3265 198
209 1548
624 2925
3991 3086
4155 670
223 4603
1966 1876
3805 3992
799 101
247 2067
3306 2098
2556 313
3758 2092
2115 430
539 3367
4144 2676
4198 2236
2017 3310
103 1546
2782 3037
2122 4852
11 3169
2651 4882
4355 125
1861 2179
3288 2572
1027 4363
1674 3049
1797 4328
4624 2914
4879 4072
2135 4230
381 910
1450 385
443 2224
4504 3550
4180 3352
4795 1446
1414 4203
3277 1154
2276 2667
3811 1285
4410 793
4588 3999
1108 163
3544 1667
2551 2908
3886 1483
3745 19
4879 4174
2798 503
400 3757
2295 4753
106 3163
3673 1377
4110 871
4583 313
4885 1991
2485 2433
3344 2725
4578 1960
3110 3919
31 1453
4852 3253
1357 339
730 778
902 3060
2265 4581
1929 4874
1370 1777
2445 3190
3864 2711
1080 2695
85 1175
1087 2995
2265 4368
1481 3238
4347 1247
4655 2401
2460 523
3580 4732
640 3111
4427 2251
739 1162
1910 4363
3435 4920
3176 969
4406 1615
1241 62
1324 1213
4711 433
4522 1466
387 1222
2728 1141
3093 3651
3359 3290
2349 4179
4058 3
4254 1420
4024 1839
1770 430
2735 1585
1394 3451
1603 2779
3676 4949
898 2539
80 2449
470 4612
2759 4125
167 1941
1636 4847
4489 3328
958 2239
2411 4512
2990 3751
2668 4902
3056 1266
1087 2217
2338 4531
4318 4219
2404 4045
1330 3749
4576 4204
1419 3982
4039 2287
2621 1652
2476 624
211 1658
3463 4361
4423 3586
163 2758
2023 300
3257 4458
2000 3828
1249 2365
472 4034
1049 3667
977 2458
1795 3386
2623 1968
4077 3886
4603 1969
2934 4452
4444 1823
3295 4486
97 1451
2290 3684
4430 1533
2132 1444
2862 1000
1953 3080
1444 4348
1180 2701
4121 2656
2738 475
3546 1123
2383 3608
3465 823
3565 4831
3175 4159
1379 3971
2935 4321
3094 1493
2173 1681
4860 4491
440 4118
3178 2740
1129 3343
4871 13
4936 1557
742 2861
989 1789
2419 2794
4144 4318
3716 3423
254 2526
3397 1808
2329 4306
4519 706
3979 1661
2 4247
4640 383
4742 4262
1093 2040
2055 4597
2296 2587
3622 170
2827 921
2771 4817
3316 220
562 424
1829 2192
1207 1795
4582 1596
2336 2188
2638 1585
1090 1396
1817 1369
261 2098
4351 3250
873 3047
4480 1656
2785 3436
1437 1068
271 3192
320 4378
2586 1862
4798 3802
2263 2947
4433 2230
1984 1027
1738 157
3944 355
802 3148
1343 2522
2668 1206
740 4942
2098 625
3426 451
1883 3019
679 4105
3664 923
1381 98
2624 2635
16 3550
598 4566
4564 3620
4160 1307
1885 2980
4054 1629
4465 442
3667 2089
444 1589
104 1263
2044 1251
2254 2380
3514 790
585 529
1432 3589
1360 1984
1088 2775
3015 2171
1015 4850
649 1729
4759 2747
637 4069
1418 1206
4219 277
649 2057
2485 1206
2640 460
586 3949
1321 1423
989 2136
4786 3685
1760 3052
53 3254
340 2769
1615 1639
4243 469
3338 2254
4312 817
3458 2246
3536 3838
2718 1768
1488 1337
1795 4384
2310 331
1525 2628
3992 3504
3700 2847
2202 1051
3461 265
4211 2416
4162 1318
3013 4205
2779 1535
2854 4249
3559 2263
1942 4745
780 2410
4216 2662
50 1070
3055 3640
511 1748
2661 666
90 3049
2369 287
252 3826
4568 1309
103 4814
4180 4403
2113 436
3976 2250
1244 1085
864 4231
2121 1870
604 4247
2305 3395
4897 1873
2134 4020
4491 1376
3493 2248
4153 1639
2824 3794
287 2309
2866 1369
3292 3823
4126 1798
2605 2218
3523 1576
2758 3525
414 1828
1703 3948
4601 3025
1221 4875
257 750
1515 2557
694 2157
2128 1477
3565 2497
1480 2614
746 3008
4569 2622
4859 662
1402 3221
4038 508
4312 1021
3753 3316
3276 2802
3737 573
547 4834
1807 1745
2422 3880
3148 3493
1906 3157
727 1087
1450 4564
3229 4041
787 4120
3934 529
2118 595
904 859
4323 505
948 3176
2272 1285
3722 1570
770 3314
3502 661
3001 3640
2744 3017
4679 1261
1285 1984
901 2537
3517 521
2755 4464
1204 1366
4735 4915
2684 1
2202 287
2500 3303
3234 930
3037 1165
2632 4233
2945 289
499 412
2394 166
3224 4096
480 4250
85 3400
3773 3713
2172 582
1309 3901
677 4823
673 1315
257 1517
754 2629
3969 2836
818 1139
1368 3211
4428 3696
4159 1108
1186 4355
2952 3163
2417 1352
3862 4624
2772 418
3814 1494
1692 4381
4805 623
2903 4027
4087 4630
4510 4574
727 688
1096 691
4813 595
4078 4858
4188 1813
1864 181
4156 2710
3514 3554
1535 1054
1396 1046
1448 1048
1504 3769
4732 587
212 3796
915 3588
2751 3871
382 1813
3118 3511
360 3540
1468 4054
2129 1882
2347 1312
378 1865
3440 4922
2776 1490
677 1183
2029 4328
4707 4447
2008 4191
4094 3757
2301 1512
3312 1699
2276 4642
37 4798
4591 3195
487 805
1182 2309
4057 68
4359 2161
2914 4623
2869 3439
2901 3815
3463 2264
3507 3477
4538 4939
4276 4681
3922 2591
4252 4792
4777 4177
2141 2431
3609 4124
2503 2246
2896 1327
2875 3574
3400 3202
4556 2465
2289 2155
3742 151
4396 922
609 2491
3584 4647
738 2796
3071 3430
3147 2670
2043 261
586 58
508 2290
3117 460
739 3714
864 491
658 1324
559 676
3226 4740
2062 4111
3160 2038
733 2758
4161 4663
4911 3381
2558 4090
562 3773
1502 1249
3179 2537
3862 4153
3904 208
1194 3859
4612 2712
3504 3853
557 1015
2263 1825
3399 1540
2944 869
2872 1995
4899 2674
1150 3320
354 36
4583 216
3334 4590
742 4438
3619 1876
2335 1485
846 3976
2740 1804
3751 4031
948 3169
1684 2471
205 2208
535 4525
2305 528
562 4192
3451 2711
1006 376
4883 475
3248 2462
1615 1564
3134 1656
641 2373
397 3247
1270 1057
1562 2122
4951 854
2172 3496
2370 1866
222 2033
1818 2084
3274 325
521 4074
796 2265
2449 1508
4450 282
2586 2393
3505 4765
4099 19
814 3523
1538 4092
1972 2167
349 4772
2455 108
4410 1044
779 1402
4681 2346
3448 1591
4209 1015
3927 4819
964 1374
1276 3697
4712 570
4927 1014
3846 4876
4677 1729
4078 2864
4888 4696
1278 3345
4534 3475
781 3071
2698 2113
453 1536
4008 754
883 2638
4123 2617
2911 794
4486 2640
2586 3902
1480 4047
167 2569
4600 3343
4296 1567
2148 2562
1525 4096
2758 4266
1843 2334
1619 4813
2011 3628
1603 3854
4602 1475
3704 1048
4459 2836
4112 1080
3566 4294
2839 4571
1677 2523
2365 3795
4763 3963
1336 2165
212 1273
4381 465
1324 1561
14 647
367 158
4036 1944
1213 3891
913 3706
1011 3955
2227 2692
4303 1121
2065 3604
4684 4013
1106 2752
4905 3448
3121 368
2617 564
1453 1463
3729 1309
608 1082
3697 4186
835 4207
2392 3617
816 4411
2273 3153
3546 3356
1750 4504
448 4246
3359 4766
917 2482
2040 1722
3088 452
2167 4153
1834 388
461 443
2086 3149
4262 730
1620 3138
4573 3315
2905 2581
4362 3668
2749 1241
646 2708
861 1555
2978 3850
4311 4612
1678 4730
2467 1948
2457 4878
3310 1100
4266 4426
2539 3418
1151 4809
2168 4824
4627 221
2647 4352
668 3086
4286 3628
736 1537
2887 2446
3421 3836
3016 2982
1291 4280
274 2725
2692 2096
1717 3693
1510 2587
1486 1106
671 274
3456 47
876 4886
523 3594
1090 2161
2897 1126
3121 766
1525 3853
2344 4345
1162 3544
3038 4828
4896 646
4369 3847
2049 4287
212 11
283 558
14 482
2977 4543
2517 4279
1560 352
4609 139
13 2012
3317 1318
4166 1333
1098 3461
1703 2254
3562 3053
1644 9
3604 1525
3640 3253
825 2583
652 3741
2104 976
2914 2719
1119 1666
1810 3706
1992 1543
4573 1917
185 265
3157 796
3131 1672
1092 1297
4330 709
3092 124
231 1066
1985 3077
1789 1958
2032 4441
1375 3706
4684 2190
1054 1216
715 3519
3869 2354
2422 4200
1849 1711
3101 4797
3103 2656
235 3186
2635 754
1437 3719
2392 1237
2065 332
3114 2785
931 922
2169 4323
4749 1899
1371 3687
4703 2742
3991 699
683 1861
4842 2770
1759 3853
2951 1178
2866 1730
4888 2356
601 2983
3883 4391
19 3001
4369 625
4476 3632
2705 1443
4937 4798
1898 4941
2155 4369
4195 1201
805 1105
1284 692
1426 4765
4203 4228
2986 3931
4844 4096
2797 1950
4914 2597
2315 2506
2559 4158
2850 742
165 4498
2915 464
890 4742
4271 3117
232 4047
1211 2962
4252 3952
4348 1317
4645 2064
2476 733
2845 4520
3280 4157
4749 4020
4446 1746
2980 4243
157 2795
4478 4456
2029 4921
1315 3985
3235 961
3091 1841
2977 401
64 1910
4054 1246
3962 3808
3151 2976
3832 3433
1152 3994
3112 2212
4837 955
853 3050
1771 4701
2754 2185
1226 2991
1957 3463
2447 4645
1840 4533
2194 3736
3958 2469
3169 1171
2403 1586
4299 2293
4428 1396
634 4382
4180 2809
1743 4798
2530 1600
3131 1016
2111 3665
4192 2728
4124 2899
2755 1105
2272 688
3736 4200
1067 3735
1912 3014
430 4869
3420 1846
4155 2342
1356 1749
2075 3901
391 1321
3433 3325
3272 2903
2829 3358
968 2097
3220 1663
576 1792
4863 462
804 2318
2416 4817
2438 4369
3394 613
1210 53
4654 2782
3212 4471
4796 2186
2407 3749
2735 4336
3437 2966
1885 1183
4000 1655
3367 4418
1398 1441
3597 4759
1363 2380
2440 1831
3443 512
4442 1650
2066 4041
3177 4190
3589 2676
1054 2456
2992 2271
1672 2725
1885 3177
4819 934
813 1393
3631 3996
4532 1659
3031 3923
3303 93
1184 2206
2641 3709
4681 4153
1387 3043
4858 3604
4597 3505
4441 3478
253 37
934 2725
1564 2423
2021 3191
529 3862
1474 959
1315 4649
170 2449
3667 1747
820 3621
2821 4057
3832 2905
2752 2336
2243 1799
2680 3205
2723 2354
439 1924
442 2923
465 115
250 4150
1690 3269
3093 754
4321 28
37 1127
1219 731
3511 284
3080 1666
1573 2515
4645 1684
2544 1630
3685 1666
2992 886
503 2184
1477 4903
1363 1922
3351 3407
1650 2548
1030 1392
3794 3173
463 1914
214 1541
2783 3973
4371 478
1426 4067
1576 2575
1015 3034
1160 3342
3217 2314
4261 3875
3622 3355
2677 3047
609 4398
817 397
2723 912
4156 1308
1327 223
3727 1275
820 4063
2595 463
1983 1095
987 2607
1690 4885
2039 4613
4484 4561
2677 4345
2438 850
4740 2553
2429 130
1614 4423
560 915
3620 1992
235 2050
1885 67
2530 2725
1687 2917
1606 3304
1321 4243
1097 3541
4253 4126
3959 1778
2214 2119
3420 2227
2449 1639
2268 4346
599 3374
4267 2359
576 1721
3496 2601
184 198
2503 3253
3532 3544
203 1642
916 3277
274 2286
1238 2701
2260 3650
2062 3050
4583 763
4002 820
3677 2738
1699 3922
2739 3466
4159 2399
2979 3107
4024 235
1717 2689
1405 3132
2716 3457
1144 3148
1372 1429
2336 1600
2470 3910
3454 3101
3176 2287
532 4646
2284 2251
1753 2968
4543 4456
2211 3650
4228 4459
4256 970
4171 4489
2992 3073
2908 2694
3200 2081
1357 2839
3491 2610
703 4690
2540 700
2341 930
4128 2696
3980 1279
4228 2522
4750 1405
3724 2913
3973 3221
2143 3153
4935 2669
3667 3804
1652 1549
4108 3616
3332 3972
2580 691
14 1465
1641 3524
768 2432
2718 2461
713 936
1607 1806
1114 3599
3551 3872
3160 133
4599 2362
3262 4527
3703 1275
3622 3958
3253 3553
4273 3771
1306 2448
4547 4576
1445 4700
2746 1599
4693 1856
3238 2185
1291 3454
1216 1570
2001 1051
4649 1963
2727 288
535 2663
1293 2764
2221 845
261 2938
4161 991
3592 4347
3838 3777
1870 3116
3319 330
2792 763
1318 4792
1207 2091
503 493
1785 3736
475 3423
2338 4828
40 571
50 1996
1639 3043
3134 1990
4420 3797
995 3669
571 3628
859 2107
3550 3383
55 4727
35 2927
521 4250
3193 966
2360 253
1678 2876
3423 2997
4338 2146
1208 1108
1455 2116
3518 4939
360 808
1171 3367
2934 1415
1936 3307
1402 4317
2518 4828
1295 4584
4260 922
1093 4106
542 3523
1968 278
4767 1926
3104 4487
1255 1240
1906 4573
2388 2122
4239 2548
814 190
1042 157
2750 3394
1276 768
4183 2340
3076 3443
3463 4520
2053 4812
4419 1081
4888 3322
4006 3888
1481 313
3017 1015
4189 43
2692 4897
2823 2357
349 1919
1586 1271
4873 859
676 4149
3770 4583
4493 4469
1420 2767
2821 3285
4509 4942
2374 2009
3460 3442
2319 3460
4226 1900
1051 3519
4292 1316
3010 811
1114 4633
4854 1038
4901 4600
1705 4177
2657 4076
3401 2858
4396 2014
655 3394
3241 535
1784 4810
2055 4633
1438 1895
3451 4926
1881 3218
1549 4412
3160 313
729 928
872 820
417 3127
2575 3993
3893 3083
235 518
299 3968
1660 3241
4796 2614
4836 68
2689 326
2123 2896
3876 1704
1249 3017
1399 2738
2413 3227
4250 1729
4448 3841
1990 1829
1162 2983
4825 679
814 3547
1447 2028
3201 3577
3845 1308
2651 1384
793 1684
4807 1896
2557 3807
3964 2700
3790 994
1483 4401
589 4495
2731 352
210 3581
3811 4068
4252 3157
3803 2174
4 3776
2272 4873
449 256
3358 415
464 4681
525 3298
4918 193
382 2917
1618 890
1718 1285
489 2251
4107 1945
3033 710
3898 2341
1312 4767
2919 655
3031 61
3586 4583
1714 2314
4927 2159
1090 3418
1767 4654
3958 456
217 4735
2665 2803
3954 3294
1609 1691
1216 3979
3349 2498
4042 122
1767 3648
989 2787
868 564
1919 4092
3190 1639
3668 742
4596 45
1987 3319
3370 930
560 4439
2791 4832
3111 3969
2620 2020
4883 2453
1162 3866
2662 3646
4016 2884
2133 4732
4562 154
4669 1936
817 4860
2144 435
153 2836
1616 4284
4491 2922
1283 1302
2908 4645
3599 2947
922 2605
4177 3383
79 1051
2800 376
1327 1471
2068 1780
2139 2978
4011 8
4238 2227
1018 4062
4678 482
121 1153
2612 3147
4111 3271
1516 2125
1417 3173
3165 3619
3628 4540
4123 1699
697 725
3420 3863
1459 1867
434 3193
769 3627
942 2979
4921 1789
4897 4233
2671 3712
638 3883
1299 1459
2370 3557
3819 4171
3028 4486
643 3850
1051 556
4570 298
3622 1303
4714 4142
2159 4339
3892 4626
1834 2806
1117 3188
3940 2692
3394 1183
2822 2305
352 4737
2356 1576
1003 1160
4109 160
640 2404
3570 2848
4933 3760
2377 1012
4118 363
1950 4738
4575 3004
1181 874
4037 1875
4535 4258
990 4921
2662 1561
1762 3472
3990 2497
2293 2197
547 1999
4388 2289
3722 1202
2090 4272
4759 1554
4543 4049
2028 3329
3944 4629
224 2439
3546 276
1692 3755
191 1902
1642 4464
2843 2496
2198 4291
1345 2371
4744 3197
1581 43
1556 1146
3145 3403
4881 2399
772 259
2519 3711
3811 505
3938 3112
4309 3862
2357 1428
4891 10
2762 4772
1800 4712
3473 4599
1869 2836
4677 299
2463 1488
1561 1654
4187 4634
4814 3878
4372 3148
3148 4408
3843 2710
1409 671
1834 496
1776 2159
3353 4801
313 4450
4154 4540
4741 832
4129 2315
916 3061
3959 1911
841 2848
4459 2248
1529 1849
4332 274
2659 1661
976 817
2708 3325
4544 3088
3921 4169
1996 3121
1679 3288
1708 4655
409 4925
1882 2133
4891 2795
2641 3828
3985 2251
3049 1877
2368 1013
4664 625
4279 816
2185 1480
2952 4411
4657 3097
391 4810
2909 919
565 325
478 4096
3651 2015
487 4891
3549 2893
4606 3871
1559 2640
2497 1664
2356 3112
1273 2960
2942 2876
2267 1900
4936 3353
2160 1641
36 3462
593 2271
694 4816
2786 1905
1866 2176
786 2251
351 3847
3850 4248
1597 1054
4255 4486
4556 4153
3250 1603
1125 4588
605 2765
723 3385
2242 2474
3425 3236
3877 2617
4750 3349
3792 1232
4573 194
2725 1696
1819 1001
2768 4651
3482 4506
1791 1678
4314 763
205 1681
1855 1972
4339 700
3888 2017
3418 665
742 1939
4585 1902
2914 4759
1963 1004
1885 3205
3913 4530
1444 4936
2002 4306
3768 1228
3091 1430
4574 2011
4754 4768
2031 2118
3817 508
3738 937
1840 4156
2186 4028
3121 1301
250 4410
1922 1411
364 3750
156 2255
1042 2347
2419 3186
1340 2098
2986 1219
1906 484
3040 235
3811 1361
1102 3924
528 654
3251 1735
1843 3290
2035 139
1691 2737
259 1139
1973 1845
1369 947
2993 636
724 3433
2491 3745
952 3448
3652 1897
2245 2287
157 1270
3 4600
4274 4275
4945 4672
2108 2311
942 1594
2946 4912
759 462
2569 565
2562 4783
3110 3715
2683 2471
2848 4797
1204 1300
192 898
4777 673
553 3266
4190 3474
911 496
4375 1405
3684 991
4126 799
2991 1800
2575 2152
85 1465
810 3304
4123 370
360 1690
3979 4802
4433 3303
1546 4538
2377 1917
3242 1172
2311 1935
3686 1913
4930 4426
3784 3927
2415 116
4943 3030
4516 289
3007 4844
2866 3498
4456 508
2564 4308
2255 961
2488 2191
1456 3166
127 3608
1774 2653
3154 1636
1565 1720
4018 85
895 891
1431 2179
2932 4849
3989 550
3985 4441
3919 2467
2621 4149
3204 1587
988 4519
4837 3529
4394 664
1693 4573
3485 3772
1296 2784
2860 3511
2981 1189
3616 1570
1756 3117
2014 2016
790 1782
1126 4363
2757 1639
1708 874
2977 170
2338 2425
4360 604
2701 3566
2886 3739
4312 4647
3963 2478
4703 979
1670 4775
1520 221
399 3409
2496 872
433 879
929 4691
3459 495
4341 911
4132 389
1822 2596
2277 3614
172 2774
3310 860
1286 3083
546 4526
3863 3391
4736 904
1888 493
3229 2302
4851 4720
865 3147
331 4428
3148 1136
1603 25
2587 3291
1504 625
4336 4516
649 3379
1471 457
3076 2509
2816 1699
726 4018
2740 226
941 4315
2429 4226
4856 2830
1990 2341
3424 4540
1605 736
3202 2377
2680 4677
1841 4533
1171 1051
3719 4271
2541 2326
2133 3127
2698 245
3268 4231
1720 1711
2107 1018
1517 1552
4021 1086
4737 3988
3815 1600
2248 3410
1935 1063
68 4941
733 1635
3031 3732
2522 747
255 625
2370 2512
4461 1741
4090 1999
1068 4390
1642 637
4674 3600
760 2947
2848 1209
3199 901
3805 2700
383 2452
1897 276
2082 1586
3803 2372
1390 791
2861 1525
1071 3558
4435 887
1531 1057
1285 2323
1393 521
3982 510
3538 2051
2047 3139
3121 3238
205 2375
4461 4447
4634 1204
4330 4521
4225 4652
1538 3964
1000 3902
1222 2536
4488 4581
1027 4192
4480 469
3204 115
2869 1171
3907 4552
2362 280
4308 3734
2372 3017
3152 1374
4087 2869
2562 3498
3434 1507
3489 2640
1798 3575
4177 282
560 3953
245 1858
4447 2980
132 1087
494 2611
1727 1408
2953 1162
43 1973
1270 1349
2434 1769
4883 2229
1627 1258
2640 1786
3628 1828
1567 3706
1671 4874
3242 850
4603 4012
3742 1066
1060 3210
505 391
4067 2032
625 1988
4844 1161
4179 3869
2212 3730
2815 4749
4189 1231
3081 154
11 833
163 2253
2041 3150
3790 937
3141 188
2100 2296
1864 3484
2544 1954
4789 4273
1754 2855
2133 3030
892 3820
4557 1540
4802 2665
716 3456
3598 763
1763 2185
2437 4104
589 4904
2963 3828
3834 3210
4700 4882
4183 1194
1613 4521
4895 872
3220 3865
1690 1184
682 1330
4549 1594
3949 4667
2648 4148
4343 564
3433 4441
2211 1420
4495 4505
2215 1958
2452 4135
2285 2098
4336 1122
1546 2490
3406 3503
820 2839
1592 1088
4231 4755
4841 2009
2375 3472
274 4164
3271 2758
4324 1
4167 4574
1350 1193
1813 3875
1184 1573
712 1709
70 4599
2250 4380
994 2447
4662 2889
4003 4711
1067 243
2059 4228
2048 1072
4162 4213
2592 789
1625 241
4063 3724
4156 4231
3415 2065
1246 2962
4228 364
4865 254
2131 181
4414 2173
994 1693
688 4297
963 71
2585 781
2858 136
5 4909
2940 3808
3322 4741
1623 691
1078 1458
1931 4460
1169 1028
1336 3553
537 24
2420 4933
367 4235
3880 2338
4208 1756
1863 228
3250 994
2916 4271
2809 1092
1914 565
521 286
2183 57
1306 1990
3391 1051
4414 4323
200 4537
1507 1423
4669 4462
926 1769
4361 3353
3511 2328
4018 2958
2527 2296
1503 1721
4764 1015
2140 2348
2495 4933
3850 4042
1894 4787
4335 4600
3406 612
1861 3810
4869 913
4172 929
1536 2776
3604 3562
2743 3456
4011 3709
521 2524
753 597
1814 1247
38 1057
2716 2206
4697 3493
3888 1725
42 2918
4279 2199
664 3588
784 788
139 2218
3918 92
937 411
397 4774
1024 884
4122 1813
677 1049
2146 4207
4407 4205
3495 3835
3104 3928
2213 2479
1629 733
4042 1099
3184 2086
595 3311
4168 4302
592 4278
118 2350
1711 3390
1258 4875
621 2699
2078 1821
3363 152
2683 2299
1660 2028
28 4147
4351 1487
3079 4351
997 544
425 3893
1664 3876
3065 1264
214 2487
2737 2083
214 1201
2110 2934
4853 1372
1246 1621
2396 664
988 4473
3122 1355
2613 4441
509 1715
4363 4400
1666 1712
1875 3995
2318 3598
1510 4303
1159 2294
835 3848
2553 2593
3400 2348
56 3229
4865 162
4819 3355
177 4431
1710 28
4213 1858
58 2177
1570 2446
2302 4444
1894 4264
3913 376
3510 3712
2601 820
1332 3297
2819 2515
2622 1869
1212 1675
2410 4735
2386 2748
4681 3922
1918 3361
1052 4388
2413 469
1676 1609
3931 3809
2666 3303
4192 4295
2112 4445
1088 4072
2630 3932
3143 3331
1044 4848
4126 1540
2318 802
4911 4051
4056 3636
992 168
3283 4036
4030 1684
4210 1168
3047 3144
2454 3497
1467 4102
4133 2367
1351 4347
1732 3068
985 807
4032 3706
2016 2107
805 4944
3774 4720
1375 4455
2114 1980
2241 3184
2473 4718
3446 4135
1287 3238
3870 3720
1035 1521
861 2166
85 4820
4863 2485
4072 586
4774 1251
1535 3277
3762 1544
787 3529
3862 676
40 4078
4182 1807
2632 220
4645 3775
4360 2704
4159 1897
3712 396
1594 3340
3142 2066
2882 133
4417 3239
2620 3122
4925 122
2773 1685
2695 4505
3250 3787
2908 369
4234 4707
3871 1552
3559 3121
3836 1405
4371 2824
3270 1171
681 556
3256 4570
3224 2143
1773 2986
1158 1348
4304 1047
1730 3591
2793 2946
3979 168
4264 2884
637 1848
4477 73
87 1
3921 811
1261 4296
1847 3476
2308 2506
1216 3199
763 4025
2799 1330
1271 895
3318 2188
2899 718
2214 3313
694 4542
1532 3409
4355 116
1057 4144
1588 120
1039 4411
1587 1084
3804 224
986 4841
3914 4224
98 820
1063 4591
4674 4326
4161 4122
3940 4894
3859 1087
2414 1210
3939 890
4933 1636
3654 1963
121 1867
2061 1652
1914 1278
3342 2186
3487 4488
4165 3082
4714 1630
2995 4354
2656 2581
211 3022
127 1368
4416 1843
3500 1399
139 2172
837 4276
4428 4921
4782 2271
1643 1946
2750 36
4156 389
4467 3507
4619 3558
916 2445
155 662
2419 4114
4381 3134
2560 232
489 3859
4612 1844
1632 3062
2578 1964
277 195
2532 4493
4060 844
149 2140
2601 1602
4830 4341
3658 4774
2267 2914
3049 3225
620 4000
4502 1180
4176 740
2472 67
901 4913
2245 640
4005 3700
3151 2565
79 1366
4916 851
3892 2017
4408 3032
4209 2486
2879 463
3514 1132
1378 4607
4566 29
4480 3493
1420 1879
3322 4613
1806 4477
289 1258
3505 4950
3994 559
2160 331
1598 4549
1808 1688
2606 2915
3550 2071
994 2543
1918 3118
2122 4738
3590 2059
1805 4771
1596 3357
4927 1635
4237 2147
4564 2015
4504 4630
3134 4759
1504 4192
3483 1063
4148 2172
1169 3925
243 4722
2679 2651
1153 4326
1087 1254
779 2024
280 758
499 2357
2809 1735
522 1049
1081 1005
1706 2215
3049 2033
1227 2404
3856 443
2374 811
3615 2449
4591 2950
2727 670
4951 491
2627 2094
627 588
2542 2427
807 3233
4849 1096
872 3054
4692 1864
3788 784
4759 1318
2299 1402
3610 3826
701 1603
3646 2893
2172 390
1683 3298
4794 4932
4533 2519
4834 848
1636 1795
4618 234
4915 1858
2972 1013
2716 2341
2275 148
1393 3342
991 1958
2200 4798
1072 3366
1834 2316
286 1831
2548 67
3766 4187
3802 3996
1 491
652 3717
456 156
1123 4027
1644 2765
1663 1997
4422 4846
4094 4872
3589 4392
109 4747
1572 1132
1915 2622
1557 160
2788 3646
3594 2352
4749 765
1687 2001
3298 1831
3822 3199
4531 1312
1795 5
4145 43
1471 2195
94 271
2944 4387
4747 4547
3430 4370
1260 1975
379 1579
367 3037
1228 1363
48 3862
1132 4945
4171 407
3488 1980
2962 609
1642 4137
1389 2179
1925 3064
3220 1762
2567 3209
2795 1453
253 1156
3861 4207
1946 2767
4076 3705
931 538
4354 1831
1681 4215
955 1348
613 1351
4309 4031
4951 394
4339 3206
2758 1141
2626 3574
629 182
2385 2236
1421 1475
2374 2737
2078 4158
1630 2643
1015 3350
4648 3130
1652 3669
4073 3945
2851 1662
2692 2316
2261 4032
2939 4559
4045 4915
1261 3123
997 2497
3274 1750
2328 119
3417 805
2548 1483
2459 4795
259 703
31 4343
442 4198
4047 920
1314 3597
793 4042
1143 4546
2938 2005
910 1092
1503 4021
3811 1009
3682 1411
2295 586
1422 831
768 4387
3995 3979
610 1807
2749 3731
3811 2416
3190 1600
882 677
1675 175
4696 388
448 1573
1038 3818
1565 4020
3535 3772
1753 2850
44 205
825 4459
4744 3783
1014 1847
1822 1306
4704 790
2686 4074
4693 3337
3727 3646
4135 2572
827 4306
2704 1077
3595 370
1892 4829
385 4548
2160 1550
4319 64
1565 2620
641 1974
1898 1789
625 419
2869 538
415 4347
3968 3683
3576 1996
4173 1450
352 3504
580 4596
55 3997
1753 4893
3517 4885
3893 279
1990 2146
1887 191
3390 4525
3089 1352
4208 2162
1412 1377
2722 43
1249 4591
3664 1946
4681 1667
4016 3679
3389 1261
3445 4904
4102 2876
3090 2099
931 1255
3841 4939
566 2137
2484 1236
1262 247
1324 3595
2902 4807
358 2653
162 690
4888 3407
367 2884
729 14
2999 3013
4174 2073
3313 3169
726 1521
754 4732
911 3856
2589 1478
2733 2932
3745 4138
2431 3108
453 3161
4291 4474
3947 1925
3811 3805
3010 739
2387 475
1920 1398
2874 3563
2545 2662
3607 1956
505 1261
2440 319
849 1327
4225 2713
4699 980
4897 1508
1323 4499
4393 677
2080 4381
1488 3716
4292 308
506 3235
2848 4930
1864 991
3959 3938
3680 4865
3914 3154
270 3004
3447 808
3619 2683
4471 3979
1831 4106
4732 2962
3460 232
1237 2974
586 856
1081 3124
3715 2518
1668 1495
2774 3162
1530 132
1060 1297
4578 3733
2320 2967
598 1726
374 3241
2299 2139
3229 4387
1677 3932
4349 1847
1265 1127
3904 1141
3908 2558
3799 4569
2527 3871
1297 1671
4606 3386
3381 4848
4060 4226
1180 3272
339 3345
2228 2923
2575 4707
4655 3006
650 4577
4027 2015
4107 2408
2152 1802
3021 273
3009 170
4574 1922
2295 1948
1788 3775
4140 1054
1795 449
3637 2292
1092 731
2223 4615
3112 1132
829 2064
4486 4540
4921 541
2443 2304
2163 2839
708 4070
4457 4719
3406 4399
3379 1233
1063 2707
398 3766
4143 2937
2283 4417
172 138
4789 3439
4122 1545
391 2635
1870 2680
2242 4202
2055 3525
120 151
81 2913
2148 162
3846 3219
2371 1994
1746 1900
4189 2710
169 1762
40 3497
1930 4248
1063 3110
2011 1474
4723 3844
551 1843
1177 3043
1963 4732
4384 641
3602 3880
2647 2064
3649 892
3482 4642
3946 491
2367 3189
265 1247
3640 535
4538 1247
211 1004
742 3985
4233 2705
1821 277
3171 1141
3991 703
3889 3744
1864 2601
2824 3004
985 1088
2287 2780
3545 1252
4 3399
356 819
707 2428
2449 4318
805 505
4590 3302
2257 217
2222 883
974 2870
1549 2711
519 796
260 58
1834 2238
2002 333
1621 1050
1876 1537
2088 3362
3548 3133
2128 1639
4482 4875
3371 547
2390 1657
3792 4515
1121 1397
2785 125
2744 1510
3706 2293
4137 3704
716 3232
1654 2955
4381 400
2040 3844
4396 4878
3465 157
2620 2723
477 4417
4261 1011
4190 10
2815 2377
2384 1294
1205 3550
3532 3449
544 3960
3351 1144
4279 3307
2292 2380
3967 2994
263 2026
3478 850
1210 563
1291 4714
2097 50
4761 3394
328 1697
97 2461
658 3960
1153 2881
4063 4000
4866 3223
1662 1546
1011 2962
3181 2377
997 4299
853 2152
470 1567
691 3445
3529 4504
4243 3617
4441 364
925 340
1691 2731
3217 2994
3109 883
1432 2969
1453 4123
2334 1408
70 1088
3148 3166
2767 933
2878 1670
2586 2815
2550 4694
2533 1185
1598 3019
781 1509
4645 4068
4324 4462
4371 3784
3319 274
1622 1477
1697 1916
4310 3016
2509 2068
3993 2621
2792 357
513 2626
4376 2623
4458 626
3019 3719
1483 4544
447 3508
277 2396
4720 669
1922 499
4441 2923
2460 2416
3208 3271
1405 1273
3613 4099
4700 4349
4498 3055
1058 2128
1 2449
4261 3385
1234 1615
4635 3589
669 1902
4648 3868
2203 3316
1 3558
1002 181
283 1366
2989 3076
353 2798
4096 4012
4472 4821
2081 1805
4678 544
631 1246
3977 36
988 2818
237 1467
3736 4539
3019 4417
3345 1272
1570 601
4318 1922
2651 458
556 894
2006 4796
3709 3838
457 127
1759 907
3196 3733
4531 4357
4015 4407
2335 4683
3302 1652
4063 1568
1042 2175
1377 1937
3767 2485
2970 3907
1513 3010
3578 1210
1324 3314
4564 3412
1653 2815
313 813
3322 4732
3472 3533
3007 1803
3898 1460
3144 4873
3634 4720
111 3988
3539 1004
2057 3916
2332 671
3636 2900
2790 4046
2459 1060
890 4162
763 1860
4826 4084
3203 2264
1123 197
2483 3097
1207 3425
1050 170
1219 3915
2335 3409
4511 352
4161 3580
3500 4805
1510 168
3689 688
3736 2961
910 4172
3856 3451
4104 1093
436 2253
3737 1330
4744 2914
4176 1402
194 2894
586 4359
4329 4021
2013 2736
4315 4187
3757 4171
887 2968
3362 6
3537 1470
4603 1457
3428 1330
4654 2356
4438 4690
2289 1410
3865 2131
1165 85
4035 4444
4348 4786
3656 2874
1694 1366
1459 3688
105 4301
4905 258
1425 3238
1300 3697
3088 2767
1029 2559
2614 4046
4204 52
4928 2287
3987 2926
1203 3506
4846 4378
388 166
3813 187
2185 944
3030 3106
2222 467
4306 4245
4415 3065
2419 433
196 2804
4456 2019
114 1057
2542 3531
989 2802
1666 2968
3134 609
4825 1397
2688 4825
2257 1402
2394 4219
4120 1817
3979 1740
421 1347
3960 1096
3075 145
1144 3982
4932 3149
3175 2391
292 4308
3459 3051
3679 3719
3201 2967
2472 2900
3322 4014
2175 4541
4033 4029
877 581
1965 2980
3733 3784
3052 4432
2963 3750
4577 3681
217 1054
2228 1672
4345 253
924 742
4088 286
4173 3226
239 3399
228 2007
404 789
1624 2369
3223 1246
2777 3121
3811 3177
1561 3128
4238 2725
4252 1324
1987 3825
1708 142
3994 2488
3280 4507
1888 841
1893 274
2275 3151
3072 1453
4360 142
1999 4459
3175 10
3555 4282
731 1737
2159 378
3952 18
2930 1477
3181 2683
1814 3593
3511 4237
63 1442
3815 3260
3271 4321
1580 3496
176 1436
1576 4888
523 2896
4748 4708
1643 3368
1688 4424
3501 3248
582 524
2925 1052
1030 916
916 2732
1210 3881
2325 1412
2221 3532
1386 1838
2254 4354
1541 386
3498 1727
1027 2569
4261 4790
2746 3079
592 3532
2124 1132
4474 4204
4378 1438
1477 4746
4792 4490
2899 603
4293 1816
93 418
2219 4510
3556 4617
4687 4552
530 1677
4399 1552
542 1186
2297 1871
2617 3756
19 1162
4489 4693
1627 1012
117 523
1805 2865
1791 238
661 1743
2167 3536
2446 2619
1000 4822
3585 766
437 4483
4438 2827
4190 3222
2652 3904
640 4278
1822 2569
4006 1126
4492 97
4670 3049
4289 3751
4640 3490
1102 4381
3602 2878
4789 4478
976 643
452 4164
2147 724
528 2033
4447 4889
4201 1197
3204 4384
820 4634
3142 3013
397 2391
4340 2862
289 814
1128 4946
834 724
4306 244
890 3754
4273 298
4258 910
3181 1903
3945 3984
1943 501
2609 3774
4587 595
1800 2687
2562 1594
1453 4062
1313 2471
2379 3046
463 2509
2127 1895
3590 4186
1714 4563
3585 4036
3568 3418
4483 2005
2071 2722
2029 3135
1231 421
2446 4561
1762 391
3184 964
241 4701
825 4540
4213 3139
1804 2835
3430 3703
1744 1067
505 4560
3580 172
4768 3350
1756 2614
4934 969
4261 2805
3538 4737
955 790
3376 118
361 3892
675 324
2844 4499
2518 4192
4345 1831
3814 4471
1799 3417
3577 843
2366 4007
2826 916
4246 1573
2836 1534
491 892
160 1222
1213 1515
1427 4564
4180 163
2278 4260
1897 3600
3305 2756
1491 2965
946 2896
3570 4006
4733 4696
3394 1084
2861 4209
3627 1282
4948 4368
294 3846
3341 834
2650 1863
3398 4252
275 1471
1048 1172
2411 448
3625 4873
3327 614
1876 662
2638 3267
2274 1378
3927 4351
1801 3265
318 3349
1801 2360
2236 3203
3616 514
3903 3466
2986 3199
575 2023
3026 2061
2326 559
4366 610
3292 3700
2160 4519
2965 4364
3004 2208
3663 1144
1274 4606
2118 973
937 4079
1859 2535
2778 3208
1003 3955
1369 3321
323 2577
4835 3628
3596 534
2470 1936
27 2000
2897 3292
1882 128
2713 3866
2719 4762
1825 2325
1732 548
4876 3379
4841 3116
4668 1725
3555 3862
2548 3883
2783 232
4225 4828
1390 46
2770 2646
2287 3668
4675 3685
2880 1144
4147 163
4940 829
455 981
2006 1195
3717 4357
364 1465
588 4936
2877 3322
2900 962
3649 4558
392 751
4687 3218
2777 3705
1423 430
1513 3793
2527 3343
529 957
4140 357
3386 2439
223 4879
154 596
2155 259
2255 202
4177 3817
1385 534
2685 3091
3802 3382
263 457
1521 4051
468 3535
2779 1217
3199 2033
79 137
2143 2497
2846 1696
4777 2300
4767 2254
3787 2960
540 754
3427 3907
3531 184
4572 4420
4010 410
3025 1483
2056 3990
749 7
742 4453
4700 604
2847 2494
2668 4300
4024 4096
3866 4428
3658 4681
4446 3695
2492 973
1546 2573
3777 261
4161 4577
1243 2525
4233 2353
1216 440
2617 1911
4690 4875
2539 1537
730 2839
2345 1139
2575 4717
2613 4721
3979 4103
1261 2188
207 3385
4703 495
1284 1140
2512 4475
1805 3524
488 1088
2719 3379
3174 3456
1525 3776
800 664
175 1996
3736 1080
1708 3445
4486 1803
256 2220
2148 1861
1586 2620
2953 2083
2483 4803
3034 3008
2692 2172
1849 4582
4005 3119
1219 1525
2544 3307
2925 1837
4913 4327
4302 1732
3721 1847
4454 61
392 3629
103 2201
4564 3051
1933 2460
2632 549
1505 4446
3895 3787
937 4801
300 2392
433 1639
4206 979
1240 3201
2155 12
1566 3198
4861 577
3866 941
3946 129
469 4255
3394 4682
992 466
1807 4936
791 1751
2340 3394
3550 214
1967 931
1106 2960
4283 2579
4483 4067
4564 3035
14 2544
3613 2536
508 541
493 3556
1756 2812
1577 4522
3323 2662
3661 2002
1150 1188
2408 3915
4639 703
1224 3243
3228 2263
4148 2825
3925 1325
2077 3394
2926 1831
130 1357
942 3956
2731 55
3899 859
2661 4869
2023 4546
3748 3466
1798 3840
2053 166
1968 4678
2031 2789
650 4748
2183 1408
4831 3109
3930 3649
3765 2417
1561 193
4096 797
1153 3109
235 3659
4495 4944
2765 3451
1708 4255
4831 4444
2393 2254
4361 3322
4585 2234
472 1028
2464 1524
1769 3379
4358 1595
363 1821
2497 3172
973 2087
364 757
2926 185
3943 3298
1783 744
3029 3937
172 4924
486 2944
4720 2456
3902 2862
437 2913
692 4282
1429 1333
4863 133
2680 340
2044 1769
3458 4429
338 2566
2956 2395
874 49
4755 4822
1117 1891
4573 2245
2289 987
872 4642
3487 829
2225 1594
2253 4884
1795 1503
1693 4789
157 3256
991 12
3805 372
762 811
3359 187
3514 1186
3067 1093
162 4248
3334 2482
4603 1026
2266 2047
2713 313
4267 2998
1779 3446
3517 2952
2032 1768
4717 4436
3268 3654
2560 2029
3263 1155
2260 5
4909 773
2002 421
1360 1453
4655 1262
3034 1825
4375 4219
1834 4888
1896 4177
600 1773
4550 2317
2409 2719
4312 4267
1450 2820
4036 94
4766 118
2035 894
4786 2983
1498 4525
1294 634
1304 1706
3832 1063
420 253
1333 1246
4249 422
4366 2325
4291 3151
612 2655
1818 1908
58 866
2154 1491
2110 3330
328 970
2260 692
1587 3225
1797 3220
2824 4203
919 2866
244 1984
4925 3993
1836 1411
2393 4330
972 3091
1729 3028
1218 4135
1174 4333
4517 3125
3397 2851
3400 4450
3663 1920
3264 2047
3899 1897
1020 3484
1727 1501
1866 1549
1735 1083
1782 88
3888 2228
4192 741
3959 2749
4126 1690
4153 1795
1804 3042
2910 4771
4555 1468
2692 3497
1776 1795
126 3289
3823 1000
1848 2173
2338 4309
1845 2741
3420 2467
716 3403
1438 1139
2665 1978
4657 1633
3176 2052
3767 335
1074 3025
278 2371
688 2113
3946 2029
560 4252
1 365
462 1833
3763 1568
2551 3459
1406 4590
3382 2290
4909 4187
3383 1321
2256 4369
199 706
1 3710
1047 3955
3733 1453
3697 4069
1051 880
1577 4184
1305 311
2016 3317
1408 4453
2558 3433
3907 129
4116 304
1049 1040
4326 1405
1831 352
3851 235
4564 1952
2469 4077
460 3688
1856 1245
2959 3160
1206 177
4198 4692
2620 511
3870 4757
1881 187
4831 2603
1804 2411
3190 4021
2665 2140
2641 985
3212 1779
2302 184
3360 547
4886 1901
3625 1024
2872 318
3979 2328
3053 574
1055 3343
805 2240
263 2562
3596 1756
2739 2369
3586 673
4475 319
2620 3385
4165 4707
3650 4438
4507 3035
889 486
68 825
613 4779
4450 61
3461 4715
2467 3109
1561 660
3251 1111
1105 666
1403 3115
2363 2872
4603 3340
4468 3479
3110 1015
716 3140
3108 3850
2185 316
718 2988
2734 647
4938 1551
1549 4561
256 3980
418 886
1416 4731
2476 4513
1003 397
3001 1945
4767 3839
411 2989
1609 4542
3250 4848
2935 1951
4679 701
705 2466
265 1093
436 4552
4120 2407
3712 1876
2869 3731
143 4880
3330 807
3802 41
3439 1701
1556 4935
3832 2574
4510 2506
3570 3106
94 4252
618 1354
1840 274
3825 343
2658 4666
4739 1705
4291 3745
2269 4791
3202 3573
4207 1330
391 2230
1616 3002
836 1697
2176 4784
864 3463
2833 2812
3127 4024
3814 1980
4612 4906
789 3763
4453 4796
2944 4928
4452 3520
2181 139
2975 4024
2408 321
3322 4464
3686 2162
960 3037
4228 4597
3832 2803
3355 1550
4915 1492
571 3737
4015 2958
293 3931
594 2574
2998 4657
1663 4910
3927 1933
4789 2882
2224 676
2584 4176
2431 3171
3115 3523
801 3568
3086 3664
1266 2206
1435 499
1667 4171
4240 3540
1737 421
3680 894
72 2584
4786 4261
4374 4650
430 1269
3107 3689
942 2551
223 2992
3116 1858
3719 3497
425 113
348 1141
2911 871
1260 4018
2593 751
4849 780
529 2751
2429 2571
2427 2233
4498 3108
2629 4747
3379 2874
1087 3143
2019 2455
3532 1846
1813 2988
4126 2277
2014 3655
4468 1054
2640 2471
4694 2611
2378 2082
1130 1809
2538 4182
250 3732
3178 3672
4121 1540
1764 3214
3094 160
4375 3350
4265 4387
1757 2683
847 2605
463 3448
922 4640
927 2194
1411 3862
30 3909
3060 2399
4141 142
1899 4696
2120 1897
1484 989
903 595
4181 1321
1696 3737
1757 3663
793 4852
25 712
4257 425
1209 3236
1306 672
4069 1490
3571 1288
846 1022
3913 2943
623 871
2377 2165
3162 1885
625 1675
1912 1462
2277 2507
4044 2566
1741 2998
4065 2083
3231 3289
1201 254
2719 1497
1255 2461
1080 3706
3564 94
3472 2422
3251 3563
1930 3197
3601 4411
4557 2538
1403 1294
3089 2752
3291 4400
1720 4796
3908 591
829 57
3103 4237
178 1405
2692 248
3883 1010
4457 209
2117 4861
3334 675
724 1484
1645 2115
3900 1396
4417 3147
4319 345
3211 2593
1093 2410
40 4506
2119 695
3564 868
2467 766
3520 23
4562 2080
163 211
2928 3904
2731 1498
643 4057
250 4478
1468 2273
3738 1877
4354 3220
4801 3762
4318 149
3321 4408
2460 418
2482 163
1487 1484
4771 40
3427 515
3303 2438
4108 2298
1891 307
796 3445
1192 797
1408 3103
2507 4670
2965 2966
781 1908
2463 1132
3797 4507
2978 389
3621 3680
4651 1177
3992 4280
1912 995
298 1280
105 909
2542 745
4666 3003
4324 1444
1519 4318
568 3290
1224 4234
4525 1171
4780 1290
1436 3743
1403 801
3979 4741
879 1192
1684 571
4915 2798
3821 1581
3277 1540
286 4087
4786 1453
622 750
1062 1613
3443 1998
4171 2170
1419 4417
1354 2471
1735 3835
3650 1210
521 1210
3341 4315
1132 1576
865 3788
1753 876
1291 2437
3940 4327
2869 2593
4565 3294
1245 4441
406 3079
3459 2485
3743 4199
3827 32
629 1249
2396 2419
52 4484
2450 4319
79 4503
4282 678
3172 179
4621 2724
1523 4086
3953 768
3785 1735
1989 364
3843 3436
1301 4732
91 2236
2341 4501
2147 3659
3325 2350
3800 1907
2797 1690
1222 1966
799 71
4798 3952
4828 1675
4147 3953
3004 4135
3466 3862
3174 2491
1586 1300
2830 4865
328 4830
2700 3592
4214 3142
574 4360
4274 640
3674 1127
2278 2573
488 4348
4592 1710
1353 3971
1102 1524
2480 824
40 3580
2719 23
2209 4636
2076 2525
1171 865
2042 1999
832 4279
4129 2683
4868 3133
4764 1814
3632 3183
1078 3178
4369 4311
3493 1994
1636 4831
2625 3811
2222 4348
4 2575
2027 4592
3143 2158
1891 3687
3757 53
598 1381
4417 3606
2234 3940
259 1738
3823 3229
3303 1990
2437 4533
2301 3095
1573 820
1269 604
1723 769
1135 4118
469 4628
2506 1534
1194 4796
4720 3182
1980 2185
1459 3943
681 4046
4196 2896
4579 4751
4319 304
3001 976
3711 3676
2380 1822
982 3841
2529 1142
1156 2287
2251 181
3825 3303
3467 4863
2107 3754
1924 3288
1313 1560
2076 2885
649 207
4233 1530
3328 2168
3888 3304
2562 1517
209 3746
166 1193
2484 3469
3597 1413
1381 1739
2861 2190
3866 1317
3132 3975
1792 3384
4284 1998
1852 3573
713 4068
2386 1472
1003 322
3401 4450
3338 4148
4378 3631
3626 4561
1691 3664
2692 3445
3397 4133
786 4486
2855 3303
1926 2841
865 1594
4566 4270
4543 1129
16 85
4772 1053
3785 2977
2747 2731
1758 4746
2494 1108
1395 4261
2032 4134
2401 3822
3966 2661
4547 553
2248 4694
3160 2647
10 3772
271 2962
1489 499
94 4510
495 4231
713 2497
4846 3679
4717 2922
284 768
4849 4852
3460 3806
558 428
56 451
982 1105
3166 2787
1162 3616
2623 3085
3732 3862
1295 4806
724 4643
4768 1789
826 3676
