98 491 496
2
2
2
2
2
1 37 83014772
2
2
2
1 89 226620694
1 79 25563392
1 1 185511769
2
2
1 22 618518188
1 1 42031005
1 23 578171608
2
2
1 71 300405623
1 67 2923549
2
1 1 468240257
1 25 11477481
2
1 83 311984385
1 71 182370801
1 37 112333761
2
2
2
2
1 5 320984376
2
1 41 171325105
2
2
2
1 92 189035045
2
1 1 292599105
1 1 25348661
2
1 15 456224041
2
2
2
1 63 18393529
1 41 233583351
1 85 7735069
2
1 79 508360081
2
2
2
1 77 574671445
2
1 78 178284041
2
2
1 85 123259829
1 57 237832181
2
1 71 293651793
2
2
2
1 75 610840659
2
2
1 5 36492755
2
1 77 61982977
1 41 216089695
1 77 181324182
1 51 58877104
1 50 200811151
2
1 9 317102365
2
2
1 19 70627743
2
2
2
2
1 7 238284505
2
2
1 41 550624741
1 23 52258945
1 1 145619827
2
2
2
2
2
1 73 16657741
2
2
1 9 116094122
1 13 275527297
1 19 673476525
2
2
2
2
1 27 471608643
1 19 836533825
1 62 279169281
2
2
2
1 49 5133492
2
2
2
1 72 430261633
1 51 117634949
1 79 303041820
1 3 335245387
1 45 850936516
2
2
1 15 603715330
2
1 12 142095351
1 30 222432393
2
1 52 67390541
1 35 603974794
2
2
2
1 29 346571276
1 77 226376417
2
2
2
1 91 134943922
2
2
1 20 135477187
2
2
2
2
2
2
1 60 435607461
1 27 11025986
1 57 234676938
2
1 43 81935058
2
1 19 465919105
1 60 301636626
2
2
1 15 67264481
2
2
2
1 71 148240967
2
1 93 97463641
2
1 5 59304861
2
2
1 26 70849357
2
2
2
2
1 62 45702379
2
2
2
1 83 19982187
2
1 24 490771401
2
1 92 285554111
1 23 849940603
2
2
2
1 71 41667329
2
2
1 77 197419951
1 91 272102897
1 15 31203511
1 90 93726337
2
2
2
1 31 297395992
1 85 71398711
1 1 33517901
2
1 69 31004159
1 20 691308001
2
1 9 22476400
2
1 82 44859541
2
1 19 204850195
2
1 94 377887238
1 13 165911505
1 39 341127173
1 93 948087349
1 71 329644036
1 23 52249492
2
2
2
2
2
2
1 51 210647074
1 81 197895341
1 35 788061205
1 79 290271385
2
1 85 409574266
2
1 43 143621731
1 25 152303720
1 10 135191359
2
1 1 134025641
2
1 1 11599498
2
1 85 660909551
1 51 170708849
1 33 198543407
2
2
2
2
1 43 268939345
2
2
1 63 76725166
1 57 948536276
1 26 237146905
2
2
2
2
1 45 18761678
1 7 236141920
2
1 79 160266001
1 35 78071878
2
1 65 646382647
2
2
1 59 1726407
1 8 200764969
2
1 19 91285771
1 18 166501289
1 89 124286849
2
2
1 17 435572289
1 79 488499205
1 1 143421501
2
2
2
2
2
1 55 709420933
1 2 61456751
2
2
1 36 251693898
2
1 57 147470369
2
2
2
1 3 310526722
2
1 37 218111444
1 95 127498918
1 67 192442744
1 57 149113861
2
1 50 623996234
1 53 158522481
1 4 177131488
1 61 492206630
2
2
2
2
1 7 36022081
2
2
2
2
2
2
1 85 20289439
1 59 107529969
2
2
1 52 158660695
1 97 540569569
1 71 356482036
1 23 224323383
1 37 352494549
1 65 88663807
2
2
2
2
1 43 358369717
1 57 174377050
1 15 72588725
1 89 221672697
2
1 49 29691708
2
1 57 555026801
2
1 9 101514128
1 7 72032595
2
1 21 316537857
1 34 341699225
1 67 695087485
2
1 1 287169481
2
2
1 95 444513489
2
2
2
1 51 279474301
2
1 94 208126683
1 89 219594376
1 1 496024830
2
1 36 214687745
1 59 112721538
2
2
1 69 62487025
1 44 489083501
1 52 193916308
2
2
1 32 84549529
2
1 22 299587471
1 51 628717671
1 64 471612806
1 15 32892520
1 86 667631413
1 21 194026855
2
1 45 477204604
1 19 530026366
2
2
2
1 30 43332395
2
1 96 227090980
2
2
1 26 354806675
1 12 240647023
1 71 49144191
1 52 471950251
1 75 86585591
2
2
2
1 31 294785326
1 21 298005751
1 57 318270457
1 63 43104097
1 32 16969947
1 87 117675091
2
1 29 180405989
1 41 159021361
1 10 11644417
1 5 630172426
2
2
1 29 399029341
2
2
1 91 144680861
1 17 143949326
1 49 578684377
1 71 68709486
2
1 76 855695026
1 19 115814710
2
1 55 164220263
2
2
1 13 287611265
1 35 39194200
1 31 200597659
1 35 696441823
2
2
1 32 147180025
2
2
2
2
1 71 146057827
1 22 65183427
1 92 76430971
1 93 217087828
2
2
2
1 54 234580529
2
2
1 5 51719837
1 45 137536631
2
1 42 54304879
2
2
2
2
1 16 264052799
2
1 63 226354276
1 79 785023849
2
2
1 93 170301713
2
2
2
2
1 71 33065233
1 2 183543049
1 25 667883737
2
1 95 5159076
1 33 98762117
1 8 66549211
2
2
1 66 633099126
1 61 243739653
2
1 89 98975829
1 79 92571085
2
2
2
1 85 422026557
1 93 39856980
2
1 29 517684726
2
2
2
2
2
1 5 108925480
2
2
1 67 406952847
2
2
1 71 134725901
46 311
74 177
187 448
1 215
146 155
72 259
46 76
184 342
256 379
112 335
87 477
55 405
171 358
294 297
7 182
51 381
2 30
132 472
300 385
69 131
98 406
191 241
126 181
211 368
330 416
38 304
372 403
65 158
139 476
234 488
471 476
152 331
177 408
391 465
51 371
83 444
290 438
212 309
79 464
136 307
115 296
47 202
141 406
55 438
232 456
147 466
287 398
230 418
32 474
205 335
166 375
242 369
339 428
75 97
113 393
31 78
108 203
270 435
347 408
235 342
186 242
329 418
29 37
183 363
154 491
279 396
164 308
21 158
215 258
150 340
335 436
171 422
6 248
430 442
389 431
61 374
153 214
345 370
42 62
432 482
148 165
12 18
80 386
415 423
245 480
245 362
271 456
315 325
152 208
447 458
30 72
179 179
84 471
254 464
167 287
66 431
267 482
38 449
30 416
421 468
37 461
170 294
200 214
115 234
189 369
146 232
49 287
99 296
88 173
251 275
46 117
172 180
56 232
242 364
341 416
44 322
253 256
184 390
432 437
19 416
114 393
281 353
22 475
350 421
152 410
107 187
298 363
210 348
226 454
360 373
35 408
141 156
65 486
59 453
8 421
2 199
116 326
297 466
213 364
47 326
14 374
85 356
119 315
208 377
85 276
33 39
311 431
49 346
156 474
410 482
30 284
164 172
52 177
150 423
90 126
173 302
136 344
293 331
244 453
90 159
318 445
114 370
371 408
195 312
44 352
374 469
201 305
307 458
91 389
84 489
32 337
450 456
329 351
210 451
93 206
65 272
231 252
303 332
17 45
123 347
105 390
427 434
61 101
180 196
38 273
436 489
201 253
70 469
320 475
28 300
278 424
205 290
286 385
86 98
387 465
188 406
70 301
70 199
374 471
219 461
257 299
77 104
327 467
333 441
8 85
141 284
186 239
188 422
192 253
39 464
25 41
66 416
99 341
38 131
221 425
250 388
303 308
134 255
151 186
320 444
316 488
56 314
179 337
254 275
197 423
134 201
135 434
209 264
18 312
61 103
150 480
108 447
154 311
218 410
106 295
15 300
212 431
254 401
201 215
104 273
190 392
174 372
103 394
22 280
79 110
236 237
170 341
5 382
70 378
69 429
84 362
112 329
363 421
189 383
75 103
222 346
467 477
261 396
204 427
241 336
19 475
82 169
81 306
70 211
398 402
203 227
33 437
41 393
339 427
246 458
41 217
289 404
39 163
351 454
267 443
54 321
260 490
312 374
426 435
150 472
285 337
281 373
259 267
2 126
183 351
181 391
305 318
58 187
213 376
93 274
227 398
281 320
76 96
366 410
387 481
128 178
121 429
346 355
290 402
87 182
64 179
268 447
5 474
26 384
93 153
234 321
237 390
208 455
366 412
123 204
40 383
104 128
313 441
147 357
215 426
185 205
33 229
119 257
32 363
24 351
151 421
27 236
146 150
129 391
386 465
5 57
58 220
113 440
66 90
105 420
267 401
229 420
460 486
40 461
7 205
51 162
1 233
296 420
130 446
172 452
243 361
385 427
5 83
6 194
71 426
244 290
58 265
152 256
122 168
145 389
167 233
322 473
339 477
331 354
301 465
25 217
62 91
28 417
374 477
212 315
30 404
425 426
82 363
94 300
152 419
221 314
195 358
188 341
24 231
264 316
323 427
395 397
32 278
302 413
30 203
192 306
165 384
119 264
245 442
274 305
56 366
170 302
195 243
444 471
275 469
180 232
54 298
135 151
111 465
21 231
45 147
72 462
410 461
103 434
223 247
51 461
18 213
365 373
111 418
286 405
194 372
50 372
21 285
183 240
26 229
99 295
110 394
84 143
286 353
72 317
318 388
35 355
218 361
100 117
122 160
130 448
123 192
215 329
233 331
170 401
161 370
202 429
232 375
44 232
114 198
68 290
349 481
290 419
266 390
51 343
165 408
180 450
186 318
262 310
35 182
308 379
155 298
127 448
215 331
102 263
181 218
128 291
395 466
68 340
234 251
120 374
348 467
320 485
204 488
376 446
302 343
44 209
174 210
42 241
293 409
197 266
230 317
381 485
118 365
76 90
110 467
79 402
16 327
210 288
168 404
137 423
40 55
95 100
210 285
97 346
130 400
198 455
94 422
19 317
24 389
3 391
79 118
36 64
152 210
111 218
14 65
89 109
100 370
201 221
11 225
68 264
25 337
145 275
132 157
303 418
163 175
48 83
179 415
85 207
6 190
188 243